0.00257	0.0009956
0.0025781	0.00099874
0.0025862	0.0010019
0.0025943	0.001005
0.0026025	0.0010082
0.0026107	0.0010114
0.0026189	0.0010146
0.0026272	0.0010178
0.0026355	0.001021
0.0026438	0.0010242
0.0026521	0.0010274
0.0026605	0.0010307
0.0026689	0.0010339
0.0026773	0.0010372
0.0026857	0.0010405
0.0026942	0.0010437
0.0027027	0.001047
0.0027112	0.0010503
0.0027198	0.0010536
0.0027284	0.001057
0.002737	0.0010603
0.0027456	0.0010636
0.0027542	0.001067
0.0027629	0.0010704
0.0027716	0.0010737
0.0027804	0.0010771
0.0027891	0.0010805
0.0027979	0.0010839
0.0028068	0.0010873
0.0028156	0.0010908
0.0028245	0.0010942
0.0028334	0.0010977
0.0028423	0.0011011
0.0028513	0.0011046
0.0028603	0.0011081
0.0028693	0.0011116
0.0028783	0.0011151
0.0028874	0.0011186
0.0028965	0.0011221
0.0029056	0.0011256
0.0029148	0.0011292
0.0029239	0.0011327
0.0029332	0.0011363
0.0029424	0.0011399
0.0029517	0.0011435
0.002961	0.0011471
0.0029703	0.0011507
0.0029796	0.0011543
0.002989	0.0011579
0.0029984	0.0011616
0.0030079	0.0011652
0.0030173	0.0011689
0.0030268	0.0011726
0.0030364	0.0011763
0.0030459	0.00118
0.0030555	0.0011837
0.0030651	0.0011874
0.0030748	0.0011912
0.0030844	0.0011949
0.0030941	0.0011987
0.0031039	0.0012024
0.0031136	0.0012062
0.0031234	0.00121
0.0031332	0.0012138
0.0031431	0.0012176
0.003153	0.0012215
0.0031629	0.0012253
0.0031728	0.0012292
0.0031828	0.001233
0.0031928	0.0012369
0.0032028	0.0012408
0.0032129	0.0012447
0.003223	0.0012486
0.0032331	0.0012525
0.0032433	0.0012564
0.0032534	0.0012604
0.0032637	0.0012643
0.0032739	0.0012683
0.0032842	0.0012723
0.0032945	0.0012763
0.0033048	0.0012803
0.0033152	0.0012843
0.0033256	0.0012883
0.003336	0.0012924
0.0033465	0.0012964
0.003357	0.0013005
0.0033675	0.0013046
0.0033781	0.0013087
0.0033886	0.0013128
0.0033993	0.0013169
0.0034099	0.001321
0.0034206	0.0013251
0.0034313	0.0013293
0.003442	0.0013334
0.0034528	0.0013376
0.0034636	0.0013418
0.0034745	0.001346
0.0034854	0.0013502
0.0034963	0.0013544
0.0035072	0.0013587
0.0035182	0.0013629
0.0035292	0.0013672
0.0035402	0.0013715
0.0035513	0.0013758
0.0035624	0.0013801
0.0035735	0.0013844
0.0035847	0.0013887
0.0035959	0.001393
0.0036071	0.0013974
0.0036184	0.0014018
0.0036297	0.0014061
0.003641	0.0014105
0.0036524	0.0014149
0.0036638	0.0014193
0.0036752	0.0014238
0.0036867	0.0014282
0.0036982	0.0014327
0.0037097	0.0014371
0.0037212	0.0014416
0.0037328	0.0014461
0.0037445	0.0014506
0.0037561	0.0014551
0.0037678	0.0014597
0.0037796	0.0014642
0.0037914	0.0014688
0.0038032	0.0014733
0.003815	0.0014779
0.0038269	0.0014825
0.0038388	0.0014871
0.0038507	0.0014918
0.0038627	0.0014964
0.0038747	0.0015011
0.0038867	0.0015057
0.0038988	0.0015104
0.0039109	0.0015151
0.0039231	0.0015198
0.0039353	0.0015245
0.0039475	0.0015293
0.0039598	0.001534
0.0039721	0.0015388
0.0039844	0.0015435
0.0039967	0.0015483
0.0040091	0.0015531
0.0040216	0.001558
0.004034	0.0015628
0.0040465	0.0015676
0.0040591	0.0015725
0.0040717	0.0015774
0.0040843	0.0015823
0.0040969	0.0015872
0.0041096	0.0015921
0.0041223	0.001597
0.0041351	0.0016019
0.0041479	0.0016069
0.0041607	0.0016119
0.0041736	0.0016169
0.0041865	0.0016219
0.0041994	0.0016269
0.0042124	0.0016319
0.0042254	0.0016369
0.0042385	0.001642
0.0042516	0.0016471
0.0042647	0.0016521
0.0042779	0.0016572
0.0042911	0.0016624
0.0043043	0.0016675
0.0043176	0.0016726
0.0043309	0.0016778
0.0043443	0.001683
0.0043577	0.0016882
0.0043711	0.0016934
0.0043846	0.0016986
0.0043981	0.0017038
0.0044116	0.0017091
0.0044252	0.0017143
0.0044388	0.0017196
0.0044525	0.0017249
0.0044662	0.0017302
0.0044799	0.0017355
0.0044937	0.0017408
0.0045075	0.0017462
0.0045213	0.0017516
0.0045352	0.0017569
0.0045492	0.0017623
0.0045631	0.0017678
0.0045771	0.0017732
0.0045912	0.0017786
0.0046053	0.0017841
0.0046194	0.0017896
0.0046336	0.001795
0.0046478	0.0018006
0.004662	0.0018061
0.0046763	0.0018116
0.0046906	0.0018172
0.004705	0.0018227
0.0047194	0.0018283
0.0047339	0.0018339
0.0047484	0.0018395
0.0047629	0.0018451
0.0047775	0.0018508
0.0047921	0.0018564
0.0048067	0.0018621
0.0048214	0.0018678
0.0048361	0.0018735
0.0048509	0.0018792
0.0048657	0.001885
0.0048806	0.0018907
0.0048955	0.0018965
0.0049104	0.0019023
0.0049254	0.0019081
0.0049404	0.0019139
0.0049555	0.0019198
0.0049706	0.0019256
0.0049857	0.0019315
0.0050009	0.0019374
0.0050161	0.0019433
0.0050314	0.0019492
0.0050467	0.0019551
0.0050621	0.0019611
0.0050775	0.001967
0.0050929	0.001973
0.0051084	0.001979
0.0051239	0.001985
0.0051395	0.001991
0.0051551	0.0019971
0.0051708	0.0020032
0.0051865	0.0020092
0.0052022	0.0020153
0.005218	0.0020215
0.0052338	0.0020276
0.0052497	0.0020337
0.0052656	0.0020399
0.0052816	0.0020461
0.0052976	0.0020523
0.0053136	0.0020585
0.0053297	0.0020647
0.0053459	0.002071
0.005362	0.0020773
0.0053783	0.0020835
0.0053945	0.0020898
0.0054108	0.0020962
0.0054272	0.0021025
0.0054436	0.0021089
0.00546	0.0021152
0.0054765	0.0021216
0.0054931	0.002128
0.0055097	0.0021344
0.0055263	0.0021409
0.005543	0.0021473
0.0055597	0.0021538
0.0055764	0.0021603
0.0055932	0.0021668
0.0056101	0.0021734
0.005627	0.0021799
0.0056439	0.0021865
0.0056609	0.002193
0.005678	0.0021996
0.0056951	0.0022063
0.0057122	0.0022129
0.0057294	0.0022196
0.0057466	0.0022262
0.0057639	0.0022329
0.0057812	0.0022396
0.0057985	0.0022464
0.0058159	0.0022531
0.0058334	0.0022599
0.0058509	0.0022666
0.0058685	0.0022734
0.0058861	0.0022803
0.0059037	0.0022871
0.0059214	0.0022939
0.0059391	0.0023008
0.0059569	0.0023077
0.0059748	0.0023146
0.0059926	0.0023216
0.0060106	0.0023285
0.0060286	0.0023355
0.0060466	0.0023424
0.0060647	0.0023495
0.0060828	0.0023565
0.006101	0.0023635
0.0061192	0.0023706
0.0061375	0.0023777
0.0061558	0.0023848
0.0061742	0.0023919
0.0061926	0.002399
0.006211	0.0024062
0.0062296	0.0024133
0.0062481	0.0024205
0.0062667	0.0024277
0.0062854	0.002435
0.0063041	0.0024422
0.0063229	0.0024495
0.0063417	0.0024568
0.0063606	0.0024641
0.0063795	0.0024714
0.0063985	0.0024788
0.0064175	0.0024861
0.0064365	0.0024935
0.0064557	0.0025009
0.0064748	0.0025084
0.0064941	0.0025158
0.0065133	0.0025233
0.0065327	0.0025307
0.006552	0.0025383
0.0065715	0.0025458
0.0065909	0.0025533
0.0066105	0.0025609
0.00663	0.0025685
0.0066497	0.0025761
0.0066694	0.0025837
0.0066891	0.0025914
0.0067089	0.002599
0.0067287	0.0026067
0.0067486	0.0026144
0.0067686	0.0026221
0.0067886	0.0026299
0.0068086	0.0026377
0.0068287	0.0026454
0.0068489	0.0026532
0.0068691	0.0026611
0.0068893	0.0026689
0.0069096	0.0026768
0.00693	0.0026847
0.0069504	0.0026926
0.0069709	0.0027005
0.0069914	0.0027085
0.007012	0.0027165
0.0070327	0.0027245
0.0070534	0.0027325
0.0070741	0.0027405
0.0070949	0.0027486
0.0071158	0.0027566
0.0071367	0.0027647
0.0071576	0.0027729
0.0071787	0.002781
0.0071997	0.0027892
0.0072209	0.0027974
0.007242	0.0028056
0.0072633	0.0028138
0.0072846	0.002822
0.0073059	0.0028303
0.0073273	0.0028386
0.0073488	0.0028469
0.0073703	0.0028553
0.0073919	0.0028636
0.0074135	0.002872
0.0074352	0.0028804
0.0074569	0.0028888
0.0074787	0.0028973
0.0075006	0.0029057
0.0075225	0.0029142
0.0075445	0.0029227
0.0075665	0.0029313
0.0075886	0.0029398
0.0076107	0.0029484
0.0076329	0.002957
0.0076552	0.0029656
0.0076775	0.0029743
0.0076999	0.0029829
0.0077223	0.0029916
0.0077448	0.0030003
0.0077673	0.0030091
0.0077899	0.0030178
0.0078126	0.0030266
0.0078353	0.0030354
0.0078581	0.0030442
0.0078809	0.0030531
0.0079038	0.0030619
0.0079268	0.0030708
0.0079498	0.0030797
0.0079729	0.0030887
0.007996	0.0030976
0.0080192	0.0031066
0.0080424	0.0031156
0.0080657	0.0031247
0.0080891	0.0031337
0.0081125	0.0031428
0.008136	0.0031519
0.0081596	0.003161
0.0081832	0.0031702
0.0082069	0.0031793
0.0082306	0.0031885
0.0082544	0.0031978
0.0082782	0.003207
0.0083022	0.0032163
0.0083261	0.0032255
0.0083502	0.0032349
0.0083743	0.0032442
0.0083984	0.0032536
0.0084227	0.0032629
0.0084469	0.0032723
0.0084713	0.0032818
0.0084957	0.0032912
0.0085202	0.0033007
0.0085447	0.0033102
0.0085693	0.0033197
0.0085939	0.0033293
0.0086187	0.0033389
0.0086435	0.0033485
0.0086683	0.0033581
0.0086932	0.0033677
0.0087182	0.0033774
0.0087432	0.0033871
0.0087683	0.0033968
0.0087935	0.0034066
0.0088187	0.0034164
0.008844	0.0034262
0.0088693	0.003436
0.0088948	0.0034458
0.0089203	0.0034557
0.0089458	0.0034656
0.0089714	0.0034755
0.0089971	0.0034855
0.0090228	0.0034954
0.0090486	0.0035054
0.0090745	0.0035155
0.0091004	0.0035255
0.0091264	0.0035356
0.0091525	0.0035457
0.0091786	0.0035558
0.0092048	0.003566
0.0092311	0.0035761
0.0092574	0.0035863
0.0092838	0.0035966
0.0093103	0.0036068
0.0093368	0.0036171
0.0093634	0.0036274
0.0093901	0.0036377
0.0094168	0.0036481
0.0094436	0.0036585
0.0094705	0.0036689
0.0094974	0.0036793
0.0095244	0.0036898
0.0095515	0.0037002
0.0095786	0.0037108
0.0096058	0.0037213
0.0096331	0.0037319
0.0096604	0.0037425
0.0096879	0.0037531
0.0097153	0.0037637
0.0097429	0.0037744
0.0097705	0.0037851
0.0097982	0.0037958
0.0098259	0.0038066
0.0098537	0.0038173
0.0098816	0.0038281
0.0099096	0.003839
0.0099376	0.0038498
0.0099657	0.0038607
0.0099939	0.0038716
0.010022	0.0038826
0.01005	0.0038935
0.010079	0.0039045
0.010107	0.0039156
0.010136	0.0039266
0.010164	0.0039377
0.010193	0.0039488
0.010222	0.0039599
0.010251	0.0039711
0.010279	0.0039823
0.010308	0.0039935
0.010337	0.0040047
0.010367	0.004016
0.010396	0.0040273
0.010425	0.0040386
0.010454	0.00405
0.010484	0.0040613
0.010513	0.0040728
0.010543	0.0040842
0.010572	0.0040957
0.010602	0.0041072
0.010632	0.0041187
0.010661	0.0041302
0.010691	0.0041418
0.010721	0.0041534
0.010751	0.0041651
0.010781	0.0041767
0.010812	0.0041884
0.010842	0.0042001
0.010872	0.0042119
0.010903	0.0042237
0.010933	0.0042355
0.010964	0.0042473
0.010994	0.0042592
0.011025	0.0042711
0.011056	0.004283
0.011087	0.004295
0.011118	0.0043069
0.011149	0.004319
0.01118	0.004331
0.011211	0.0043431
0.011242	0.0043552
0.011273	0.0043673
0.011305	0.0043795
0.011336	0.0043917
0.011368	0.0044039
0.011399	0.0044161
0.011431	0.0044284
0.011463	0.0044407
0.011495	0.0044531
0.011527	0.0044654
0.011559	0.0044778
0.011591	0.0044903
0.011623	0.0045027
0.011655	0.0045152
0.011687	0.0045277
0.01172	0.0045403
0.011752	0.0045529
0.011785	0.0045655
0.011818	0.0045781
0.01185	0.0045908
0.011883	0.0046035
0.011916	0.0046162
0.011949	0.004629
0.011982	0.0046418
0.012015	0.0046546
0.012048	0.0046675
0.012081	0.0046804
0.012115	0.0046933
0.012148	0.0047062
0.012182	0.0047192
0.012215	0.0047322
0.012249	0.0047453
0.012283	0.0047584
0.012317	0.0047715
0.012351	0.0047846
0.012385	0.0047978
0.012419	0.004811
0.012453	0.0048242
0.012487	0.0048375
0.012521	0.0048508
0.012556	0.0048641
0.01259	0.0048775
0.012625	0.0048909
0.01266	0.0049043
0.012694	0.0049178
0.012729	0.0049313
0.012764	0.0049448
0.012799	0.0049584
0.012834	0.0049719
0.012869	0.0049856
0.012905	0.0049992
0.01294	0.0050129
0.012975	0.0050266
0.013011	0.0050404
0.013046	0.0050542
0.013082	0.005068
0.013118	0.0050818
0.013154	0.0050957
0.01319	0.0051096
0.013226	0.0051236
0.013262	0.0051376
0.013298	0.0051516
0.013334	0.0051657
0.013371	0.0051797
0.013407	0.0051939
0.013443	0.005208
0.01348	0.0052222
0.013517	0.0052364
0.013554	0.0052507
0.01359	0.005265
0.013627	0.0052793
0.013665	0.0052936
0.013702	0.005308
0.013739	0.0053224
0.013776	0.0053369
0.013814	0.0053514
0.013851	0.0053659
0.013889	0.0053805
0.013926	0.0053951
0.013964	0.0054097
0.014002	0.0054244
0.01404	0.0054391
0.014078	0.0054538
0.014116	0.0054686
0.014154	0.0054834
0.014193	0.0054982
0.014231	0.0055131
0.014269	0.005528
0.014308	0.0055429
0.014347	0.0055579
0.014385	0.0055729
0.014424	0.005588
0.014463	0.0056031
0.014502	0.0056182
0.014541	0.0056333
0.014581	0.0056485
0.01462	0.0056638
0.014659	0.005679
0.014699	0.0056943
0.014738	0.0057096
0.014778	0.005725
0.014818	0.0057404
0.014858	0.0057559
0.014898	0.0057713
0.014938	0.0057869
0.014978	0.0058024
0.015018	0.005818
0.015058	0.0058336
0.015099	0.0058493
0.015139	0.005865
0.01518	0.0058807
0.015221	0.0058965
0.015261	0.0059123
0.015302	0.0059281
0.015343	0.005944
0.015384	0.0059599
0.015426	0.0059759
0.015467	0.0059919
0.015508	0.0060079
0.01555	0.006024
0.015591	0.0060401
0.015633	0.0060562
0.015675	0.0060724
0.015717	0.0060886
0.015759	0.0061049
0.015801	0.0061212
0.015843	0.0061375
0.015885	0.0061539
0.015927	0.0061703
0.01597	0.0061867
0.016012	0.0062032
0.016055	0.0062197
0.016098	0.0062363
0.016141	0.0062529
0.016184	0.0062695
0.016227	0.0062862
0.01627	0.0063029
0.016313	0.0063196
0.016356	0.0063364
0.0164	0.0063533
0.016443	0.0063701
0.016487	0.006387
0.016531	0.006404
0.016574	0.006421
0.016618	0.006438
0.016662	0.006455
0.016707	0.0064721
0.016751	0.0064893
0.016795	0.0065065
0.01684	0.0065237
0.016884	0.0065409
0.016929	0.0065582
0.016974	0.0065756
0.017018	0.006593
0.017063	0.0066104
0.017109	0.0066278
0.017154	0.0066453
0.017199	0.0066629
0.017244	0.0066805
0.01729	0.0066981
0.017335	0.0067157
0.017381	0.0067334
0.017427	0.0067512
0.017473	0.0067689
0.017519	0.0067868
0.017565	0.0068046
0.017611	0.0068225
0.017657	0.0068405
0.017704	0.0068585
0.01775	0.0068765
0.017797	0.0068946
0.017844	0.0069127
0.017891	0.0069308
0.017938	0.006949
0.017985	0.0069672
0.018032	0.0069855
0.018079	0.0070038
0.018126	0.0070222
0.018174	0.0070406
0.018222	0.007059
0.018269	0.0070775
0.018317	0.007096
0.018365	0.0071146
0.018413	0.0071332
0.018461	0.0071518
0.018509	0.0071705
0.018558	0.0071893
0.018606	0.007208
0.018655	0.0072269
0.018703	0.0072457
0.018752	0.0072646
0.018801	0.0072836
0.01885	0.0073026
0.018899	0.0073216
0.018949	0.0073407
0.018998	0.0073598
0.019047	0.007379
0.019097	0.0073982
0.019147	0.0074174
0.019196	0.0074367
0.019246	0.007456
0.019296	0.0074754
0.019346	0.0074948
0.019397	0.0075143
0.019447	0.0075338
0.019498	0.0075534
0.019548	0.007573
0.019599	0.0075926
0.01965	0.0076123
0.019701	0.007632
0.019752	0.0076518
0.019803	0.0076716
0.019854	0.0076915
0.019905	0.0077114
0.019957	0.0077313
0.020009	0.0077513
0.02006	0.0077714
0.020112	0.0077914
0.020164	0.0078116
0.020216	0.0078318
0.020268	0.007852
0.020321	0.0078722
0.020373	0.0078925
0.020426	0.0079129
0.020478	0.0079333
0.020531	0.0079538
0.020584	0.0079742
0.020637	0.0079948
0.02069	0.0080154
0.020743	0.008036
0.020797	0.0080567
0.02085	0.0080774
0.020904	0.0080982
0.020958	0.008119
0.021011	0.0081398
0.021065	0.0081607
0.021119	0.0081817
0.021174	0.0082027
0.021228	0.0082237
0.021282	0.0082448
0.021337	0.008266
0.021392	0.0082872
0.021447	0.0083084
0.021501	0.0083297
0.021557	0.008351
0.021612	0.0083724
0.021667	0.0083938
0.021722	0.0084153
0.021778	0.0084368
0.021834	0.0084583
0.021889	0.0084799
0.021945	0.0085016
0.022001	0.0085233
0.022057	0.0085451
0.022114	0.0085669
0.02217	0.0085887
0.022227	0.0086106
0.022283	0.0086326
0.02234	0.0086545
0.022397	0.0086766
0.022454	0.0086987
0.022511	0.0087208
0.022568	0.008743
0.022626	0.0087652
0.022683	0.0087875
0.022741	0.0088099
0.022799	0.0088322
0.022857	0.0088547
0.022915	0.0088772
0.022973	0.0088997
0.023031	0.0089223
0.02309	0.0089449
0.023148	0.0089676
0.023207	0.0089903
0.023266	0.0090131
0.023325	0.0090359
0.023384	0.0090588
0.023443	0.0090817
0.023502	0.0091047
0.023561	0.0091277
0.023621	0.0091508
0.023681	0.0091739
0.023741	0.0091971
0.023801	0.0092203
0.023861	0.0092436
0.023921	0.0092669
0.023981	0.0092903
0.024042	0.0093138
0.024102	0.0093372
0.024163	0.0093608
0.024224	0.0093844
0.024285	0.009408
0.024346	0.0094317
0.024407	0.0094554
0.024469	0.0094792
0.02453	0.009503
0.024592	0.0095269
0.024654	0.0095509
0.024716	0.0095749
0.024778	0.0095989
0.02484	0.009623
0.024902	0.0096472
0.024965	0.0096714
0.025027	0.0096956
0.02509	0.0097199
0.025153	0.0097443
0.025216	0.0097687
0.025279	0.0097932
0.025343	0.0098177
0.025406	0.0098423
0.02547	0.0098669
0.025533	0.0098916
0.025597	0.0099163
0.025661	0.0099411
0.025725	0.0099659
0.025789	0.0099908
0.025854	0.010016
0.025918	0.010041
0.025983	0.010066
0.026048	0.010091
0.026113	0.010116
0.026178	0.010141
0.026243	0.010167
0.026308	0.010192
0.026374	0.010217
0.02644	0.010243
0.026505	0.010268
0.026571	0.010294
0.026637	0.010319
0.026704	0.010345
0.02677	0.010371
0.026836	0.010396
0.026903	0.010422
0.02697	0.010448
0.027037	0.010474
0.027104	0.0105
0.027171	0.010526
0.027238	0.010552
0.027306	0.010578
0.027373	0.010604
0.027441	0.010631
0.027509	0.010657
0.027577	0.010683
0.027645	0.01071
0.027714	0.010736
0.027782	0.010763
0.027851	0.010789
0.02792	0.010816
0.027988	0.010843
0.028058	0.010869
0.028127	0.010896
0.028196	0.010923
0.028266	0.01095
0.028335	0.010977
0.028405	0.011004
0.028475	0.011031
0.028545	0.011058
0.028615	0.011086
0.028686	0.011113
0.028756	0.01114
0.028827	0.011168
0.028898	0.011195
0.028969	0.011223
0.02904	0.01125
0.029111	0.011278
0.029183	0.011305
0.029254	0.011333
0.029326	0.011361
0.029398	0.011389
0.02947	0.011417
0.029542	0.011445
0.029615	0.011473
0.029687	0.011501
0.02976	0.011529
0.029833	0.011557
0.029906	0.011585
0.029979	0.011614
0.030052	0.011642
0.030125	0.011671
0.030199	0.011699
0.030273	0.011728
0.030347	0.011756
0.030421	0.011785
0.030495	0.011814
0.030569	0.011842
0.030644	0.011871
0.030718	0.0119
0.030793	0.011929
0.030868	0.011958
0.030943	0.011987
0.031018	0.012017
0.031094	0.012046
0.03117	0.012075
0.031245	0.012104
0.031321	0.012134
0.031397	0.012163
0.031473	0.012193
0.03155	0.012222
0.031626	0.012252
0.031703	0.012282
0.03178	0.012312
0.031857	0.012341
0.031934	0.012371
0.032011	0.012401
0.032089	0.012431
0.032167	0.012461
0.032244	0.012491
0.032322	0.012522
0.032401	0.012552
0.032479	0.012582
0.032557	0.012613
0.032636	0.012643
0.032715	0.012674
0.032794	0.012704
0.032873	0.012735
0.032952	0.012766
0.033032	0.012796
0.033111	0.012827
0.033191	0.012858
0.033271	0.012889
0.033351	0.01292
0.033431	0.012951
0.033512	0.012982
0.033592	0.013014
0.033673	0.013045
0.033754	0.013076
0.033835	0.013108
0.033916	0.013139
0.033998	0.013171
0.034079	0.013202
0.034161	0.013234
0.034243	0.013266
0.034325	0.013298
0.034407	0.013329
0.03449	0.013361
0.034572	0.013393
0.034655	0.013425
0.034738	0.013457
0.034821	0.01349
0.034904	0.013522
0.034988	0.013554
0.035071	0.013587
0.035155	0.013619
0.035239	0.013652
0.035323	0.013684
0.035408	0.013717
0.035492	0.01375
0.035577	0.013782
0.035662	0.013815
0.035746	0.013848
0.035832	0.013881
0.035917	0.013914
0.036002	0.013947
0.036088	0.013981
0.036174	0.014014
0.03626	0.014047
0.036346	0.014081
0.036433	0.014114
0.036519	0.014148
0.036606	0.014181
0.036693	0.014215
0.03678	0.014249
0.036867	0.014282
0.036955	0.014316
0.037042	0.01435
0.03713	0.014384
0.037218	0.014418
0.037306	0.014452
0.037394	0.014487
0.037483	0.014521
0.037571	0.014555
0.03766	0.01459
0.037749	0.014624
0.037839	0.014659
0.037928	0.014693
0.038018	0.014728
0.038107	0.014763
0.038197	0.014798
0.038287	0.014832
0.038378	0.014867
0.038468	0.014903
0.038559	0.014938
0.03865	0.014973
0.038741	0.015008
0.038832	0.015043
0.038923	0.015079
0.039015	0.015114
0.039106	0.01515
0.039198	0.015185
0.03929	0.015221
0.039383	0.015257
0.039475	0.015293
0.039568	0.015329
0.039661	0.015365
0.039754	0.015401
0.039847	0.015437
0.03994	0.015473
0.040034	0.015509
0.040128	0.015546
0.040222	0.015582
0.040316	0.015618
0.04041	0.015655
0.040505	0.015692
0.0406	0.015728
0.040694	0.015765
0.04079	0.015802
0.040885	0.015839
0.04098	0.015876
0.041076	0.015913
0.041172	0.01595
0.041268	0.015987
0.041364	0.016024
0.041461	0.016062
0.041557	0.016099
0.041654	0.016137
0.041751	0.016174
0.041848	0.016212
0.041945	0.01625
0.042043	0.016287
0.042141	0.016325
0.042239	0.016363
0.042337	0.016401
0.042435	0.016439
0.042534	0.016478
0.042633	0.016516
0.042731	0.016554
0.042831	0.016593
0.04293	0.016631
0.043029	0.01667
0.043129	0.016708
0.043229	0.016747
0.043329	0.016786
0.043429	0.016825
0.04353	0.016863
0.043631	0.016903
0.043732	0.016942
0.043833	0.016981
0.043934	0.01702
0.044035	0.017059
0.044137	0.017099
0.044239	0.017138
0.044341	0.017178
0.044443	0.017217
0.044546	0.017257
0.044648	0.017297
0.044751	0.017337
0.044854	0.017377
0.044958	0.017417
0.045061	0.017457
0.045165	0.017497
0.045269	0.017537
0.045373	0.017577
0.045477	0.017618
0.045582	0.017658
0.045686	0.017699
0.045791	0.01774
0.045896	0.01778
0.046002	0.017821
0.046107	0.017862
0.046213	0.017903
0.046319	0.017944
0.046425	0.017985
0.046531	0.018026
0.046638	0.018068
0.046745	0.018109
0.046852	0.01815
0.046959	0.018192
0.047066	0.018233
0.047174	0.018275
0.047282	0.018317
0.04739	0.018359
0.047498	0.018401
0.047606	0.018443
0.047715	0.018485
0.047824	0.018527
0.047933	0.018569
0.048042	0.018611
0.048151	0.018654
0.048261	0.018696
0.048371	0.018739
0.048481	0.018782
0.048591	0.018824
0.048702	0.018867
0.048813	0.01891
0.048924	0.018953
0.049035	0.018996
0.049146	0.019039
0.049258	0.019082
0.04937	0.019126
0.049482	0.019169
0.049594	0.019213
0.049706	0.019256
0.049819	0.0193
0.049932	0.019344
0.050045	0.019387
0.050158	0.019431
0.050272	0.019475
0.050385	0.019519
0.050499	0.019563
0.050614	0.019608
0.050728	0.019652
0.050843	0.019696
0.050957	0.019741
0.051073	0.019786
0.051188	0.01983
0.051303	0.019875
0.051419	0.01992
0.051535	0.019965
0.051651	0.02001
0.051768	0.020055
0.051884	0.0201
0.052001	0.020145
0.052118	0.020191
0.052235	0.020236
0.052353	0.020281
0.05247	0.020327
0.052588	0.020373
0.052707	0.020419
0.052825	0.020464
0.052944	0.02051
0.053062	0.020556
0.053181	0.020602
0.053301	0.020649
0.05342	0.020695
0.05354	0.020741
0.05366	0.020788
0.05378	0.020834
0.053901	0.020881
0.054021	0.020928
0.054142	0.020975
0.054263	0.021022
0.054384	0.021069
0.054506	0.021116
0.054628	0.021163
0.05475	0.02121
0.054872	0.021257
0.054995	0.021305
0.055117	0.021352
0.05524	0.0214
0.055363	0.021448
0.055487	0.021496
0.05561	0.021543
0.055734	0.021591
0.055858	0.021639
0.055983	0.021688
0.056107	0.021736
0.056232	0.021784
0.056357	0.021833
0.056482	0.021881
0.056608	0.02193
0.056733	0.021979
0.056859	0.022027
0.056986	0.022076
0.057112	0.022125
0.057239	0.022174
0.057366	0.022223
0.057493	0.022273
0.05762	0.022322
0.057748	0.022371
0.057876	0.022421
0.058004	0.022471
0.058132	0.02252
0.058261	0.02257
0.058389	0.02262
0.058518	0.02267
0.058648	0.02272
0.058777	0.02277
0.058907	0.022821
0.059037	0.022871
0.059167	0.022921
0.059298	0.022972
0.059429	0.023023
0.05956	0.023073
0.059691	0.023124
0.059822	0.023175
0.059954	0.023226
0.060086	0.023277
0.060218	0.023328
0.060351	0.02338
0.060483	0.023431
0.060616	0.023483
0.060749	0.023534
0.060883	0.023586
0.061016	0.023638
0.06115	0.02369
0.061285	0.023742
0.061419	0.023794
0.061554	0.023846
0.061688	0.023898
0.061824	0.02395
0.061959	0.024003
0.062095	0.024055
0.062231	0.024108
0.062367	0.024161
0.062503	0.024214
0.06264	0.024267
0.062777	0.02432
0.062914	0.024373
0.063051	0.024426
0.063189	0.024479
0.063327	0.024533
0.063465	0.024586
0.063603	0.02464
0.063742	0.024694
0.063881	0.024747
0.06402	0.024801
0.06416	0.024855
0.064299	0.02491
0.064439	0.024964
0.064579	0.025018
0.06472	0.025072
0.064861	0.025127
0.065001	0.025182
0.065143	0.025236
0.065284	0.025291
0.065426	0.025346
0.065568	0.025401
0.06571	0.025456
0.065853	0.025511
0.065995	0.025567
0.066138	0.025622
0.066282	0.025678
0.066425	0.025733
0.066569	0.025789
0.066713	0.025845
0.066858	0.025901
0.067002	0.025957
0.067147	0.026013
0.067292	0.026069
0.067437	0.026125
0.067583	0.026182
0.067729	0.026238
0.067875	0.026295
0.068022	0.026352
0.068168	0.026408
0.068315	0.026465
0.068462	0.026522
0.06861	0.026579
0.068758	0.026637
0.068906	0.026694
0.069054	0.026752
0.069203	0.026809
0.069351	0.026867
0.069501	0.026924
0.06965	0.026982
0.0698	0.02704
0.069949	0.027098
0.0701	0.027157
0.07025	0.027215
0.070401	0.027273
0.070552	0.027332
0.070703	0.02739
0.070854	0.027449
0.071006	0.027508
0.071158	0.027567
0.071311	0.027626
0.071463	0.027685
0.071616	0.027744
0.071769	0.027803
0.071923	0.027863
0.072076	0.027922
0.07223	0.027982
0.072385	0.028042
0.072539	0.028102
0.072694	0.028162
0.072849	0.028222
0.073004	0.028282
0.07316	0.028342
0.073316	0.028403
0.073472	0.028463
0.073629	0.028524
0.073785	0.028584
0.073942	0.028645
0.0741	0.028706
0.074257	0.028767
0.074415	0.028828
0.074573	0.02889
0.074732	0.028951
0.07489	0.029013
0.075049	0.029074
0.075209	0.029136
0.075368	0.029198
0.075528	0.02926
0.075688	0.029322
0.075849	0.029384
0.076009	0.029446
0.07617	0.029508
0.076331	0.029571
0.076493	0.029633
0.076655	0.029696
0.076817	0.029759
0.076979	0.029822
0.077142	0.029885
0.077305	0.029948
0.077468	0.030011
0.077632	0.030075
0.077795	0.030138
0.07796	0.030202
0.078124	0.030265
0.078289	0.030329
0.078454	0.030393
0.078619	0.030457
0.078785	0.030521
0.07895	0.030585
0.079116	0.03065
0.079283	0.030714
0.07945	0.030779
0.079617	0.030843
0.079784	0.030908
0.079952	0.030973
0.080119	0.031038
0.080288	0.031103
0.080456	0.031169
0.080625	0.031234
0.080794	0.0313
0.080963	0.031365
0.081133	0.031431
0.081303	0.031497
0.081473	0.031563
0.081644	0.031629
0.081815	0.031695
0.081986	0.031761
0.082157	0.031828
0.082329	0.031894
0.082501	0.031961
0.082673	0.032028
0.082846	0.032095
0.083019	0.032162
0.083192	0.032229
0.083366	0.032296
0.08354	0.032363
0.083714	0.032431
0.083888	0.032498
0.084063	0.032566
0.084238	0.032634
0.084413	0.032702
0.084589	0.03277
0.084765	0.032838
0.084941	0.032906
0.085118	0.032975
0.085295	0.033043
0.085472	0.033112
0.085649	0.033181
0.085827	0.033249
0.086005	0.033318
0.086184	0.033387
0.086362	0.033457
0.086541	0.033526
0.086721	0.033596
0.0869	0.033665
0.08708	0.033735
0.08726	0.033805
0.087441	0.033875
0.087622	0.033945
0.087803	0.034015
0.087985	0.034085
0.088166	0.034156
0.088348	0.034226
0.088531	0.034297
0.088714	0.034368
0.088897	0.034439
0.08908	0.03451
0.089264	0.034581
0.089448	0.034652
0.089632	0.034723
0.089817	0.034795
0.090002	0.034867
0.090187	0.034938
0.090372	0.03501
0.090558	0.035082
0.090745	0.035154
0.090931	0.035227
0.091118	0.035299
0.091305	0.035372
0.091493	0.035444
0.09168	0.035517
0.091869	0.03559
0.092057	0.035663
0.092246	0.035736
0.092435	0.035809
0.092624	0.035883
0.092814	0.035956
0.093004	0.03603
0.093194	0.036103
0.093385	0.036177
0.093576	0.036251
0.093767	0.036325
0.093959	0.0364
0.094151	0.036474
0.094343	0.036549
0.094536	0.036623
0.094729	0.036698
0.094922	0.036773
0.095116	0.036848
0.09531	0.036923
0.095504	0.036998
0.095699	0.037074
0.095894	0.037149
0.096089	0.037225
0.096284	0.037301
0.09648	0.037376
0.096677	0.037453
0.096873	0.037529
0.09707	0.037605
0.097267	0.037681
0.097465	0.037758
0.097663	0.037835
0.097861	0.037911
0.09806	0.037988
0.098258	0.038065
0.098458	0.038143
0.098657	0.03822
0.098857	0.038297
0.099057	0.038375
0.099258	0.038453
0.099459	0.03853
0.09966	0.038608
0.099862	0.038686
0.10006	0.038765
0.10027	0.038843
0.10047	0.038921
0.10067	0.039
0.10087	0.039079
0.10108	0.039158
0.10128	0.039237
0.10149	0.039316
0.10169	0.039395
0.1019	0.039475
0.1021	0.039554
0.10231	0.039634
0.10251	0.039714
0.10272	0.039793
0.10293	0.039874
0.10313	0.039954
0.10334	0.040034
0.10355	0.040115
0.10376	0.040195
0.10396	0.040276
0.10417	0.040357
0.10438	0.040438
0.10459	0.040519
0.1048	0.0406
0.10501	0.040682
0.10522	0.040763
0.10543	0.040845
0.10564	0.040927
0.10586	0.041009
0.10607	0.041091
0.10628	0.041173
0.10649	0.041255
0.10671	0.041338
0.10692	0.04142
0.10713	0.041503
0.10735	0.041586
0.10756	0.041669
0.10778	0.041752
0.10799	0.041835
0.10821	0.041919
0.10842	0.042002
0.10864	0.042086
0.10885	0.04217
0.10907	0.042254
0.10929	0.042338
0.10951	0.042422
0.10972	0.042507
0.10994	0.042591
0.11016	0.042676
0.11038	0.042761
0.1106	0.042846
0.11082	0.042931
0.11104	0.043016
0.11126	0.043102
0.11148	0.043187
0.1117	0.043273
0.11192	0.043358
0.11214	0.043444
0.11237	0.043531
0.11259	0.043617
0.11281	0.043703
0.11303	0.04379
0.11326	0.043876
0.11348	0.043963
0.11371	0.04405
0.11393	0.044137
0.11416	0.044224
0.11438	0.044312
0.11461	0.044399
0.11483	0.044487
0.11506	0.044574
0.11529	0.044662
0.11551	0.04475
0.11574	0.044839
0.11597	0.044927
0.1162	0.045015
0.11643	0.045104
0.11666	0.045193
0.11689	0.045282
0.11712	0.045371
0.11735	0.04546
0.11758	0.045549
0.11781	0.045639
0.11804	0.045728
0.11827	0.045818
0.1185	0.045908
0.11874	0.045998
0.11897	0.046088
0.1192	0.046179
0.11944	0.046269
0.11967	0.04636
0.1199	0.046451
0.12014	0.046542
0.12037	0.046633
0.12061	0.046724
0.12085	0.046815
0.12108	0.046907
0.12132	0.046999
0.12155	0.04709
0.12179	0.047182
0.12203	0.047274
0.12227	0.047367
0.12251	0.047459
0.12275	0.047552
0.12299	0.047644
0.12322	0.047737
0.12346	0.04783
0.12371	0.047923
0.12395	0.048017
0.12419	0.04811
0.12443	0.048204
0.12467	0.048298
0.12491	0.048391
0.12516	0.048485
0.1254	0.04858
0.12564	0.048674
0.12589	0.048768
0.12613	0.048863
0.12638	0.048958
0.12662	0.049053
0.12687	0.049148
0.12711	0.049243
0.12736	0.049339
0.12761	0.049434
0.12785	0.04953
0.1281	0.049626
0.12835	0.049722
0.1286	0.049818
0.12884	0.049914
0.12909	0.050011
0.12934	0.050107
0.12959	0.050204
0.12984	0.050301
0.13009	0.050398
0.13034	0.050495
0.1306	0.050593
0.13085	0.05069
0.1311	0.050788
0.13135	0.050886
0.1316	0.050984
0.13186	0.051082
0.13211	0.05118
0.13237	0.051279
0.13262	0.051377
0.13288	0.051476
0.13313	0.051575
0.13339	0.051674
0.13364	0.051773
0.1339	0.051873
0.13416	0.051972
0.13441	0.052072
0.13467	0.052172
0.13493	0.052272
0.13519	0.052372
0.13545	0.052472
0.13571	0.052573
0.13597	0.052673
0.13623	0.052774
0.13649	0.052875
0.13675	0.052976
0.13701	0.053078
0.13727	0.053179
0.13753	0.053281
0.1378	0.053382
0.13806	0.053484
0.13832	0.053586
0.13859	0.053689
0.13885	0.053791
0.13912	0.053894
0.13938	0.053996
0.13965	0.054099
0.13991	0.054202
0.14018	0.054305
0.14045	0.054409
0.14071	0.054512
0.14098	0.054616
0.14125	0.05472
0.14152	0.054824
0.14179	0.054928
0.14205	0.055032
0.14232	0.055137
0.14259	0.055241
0.14287	0.055346
0.14314	0.055451
0.14341	0.055556
0.14368	0.055661
0.14395	0.055767
0.14422	0.055872
0.1445	0.055978
0.14477	0.056084
0.14504	0.05619
0.14532	0.056296
0.14559	0.056403
0.14587	0.056509
0.14614	0.056616
0.14642	0.056723
0.1467	0.05683
0.14697	0.056937
0.14725	0.057045
0.14753	0.057152
0.14781	0.05726
0.14808	0.057368
0.14836	0.057476
0.14864	0.057584
0.14892	0.057693
0.1492	0.057801
0.14948	0.05791
0.14976	0.058019
0.15005	0.058128
0.15033	0.058237
0.15061	0.058347
0.15089	0.058456
0.15118	0.058566
0.15146	0.058676
0.15174	0.058786
0.15203	0.058896
0.15231	0.059007
0.1526	0.059117
0.15289	0.059228
0.15317	0.059339
0.15346	0.05945
0.15375	0.059561
0.15403	0.059673
0.15432	0.059784
0.15461	0.059896
0.1549	0.060008
0.15519	0.06012
0.15548	0.060232
0.15577	0.060345
0.15606	0.060457
0.15635	0.06057
0.15664	0.060683
0.15693	0.060796
0.15723	0.060909
0.15752	0.061023
0.15781	0.061136
0.15811	0.06125
0.1584	0.061364
0.15869	0.061478
0.15899	0.061593
0.15929	0.061707
0.15958	0.061822
0.15988	0.061937
0.16017	0.062052
0.16047	0.062167
0.16077	0.062282
0.16107	0.062398
0.16137	0.062513
0.16167	0.062629
0.16197	0.062745
0.16227	0.062862
0.16257	0.062978
0.16287	0.063095
0.16317	0.063211
0.16347	0.063328
0.16377	0.063445
0.16407	0.063563
0.16438	0.06368
0.16468	0.063798
0.16499	0.063916
0.16529	0.064034
0.1656	0.064152
0.1659	0.06427
0.16621	0.064389
0.16651	0.064507
0.16682	0.064626
0.16713	0.064745
0.16743	0.064864
0.16774	0.064984
0.16805	0.065103
0.16836	0.065223
0.16867	0.065343
0.16898	0.065463
0.16929	0.065583
0.1696	0.065704
0.16991	0.065824
0.17023	0.065945
0.17054	0.066066
0.17085	0.066187
0.17116	0.066309
0.17148	0.06643
0.17179	0.066552
0.17211	0.066674
0.17242	0.066796
0.17274	0.066918
0.17305	0.067041
0.17337	0.067163
0.17369	0.067286
0.174	0.067409
0.17432	0.067532
0.17464	0.067656
0.17496	0.067779
0.17528	0.067903
0.1756	0.068027
0.17592	0.068151
0.17624	0.068275
0.17656	0.0684
0.17688	0.068524
0.1772	0.068649
0.17753	0.068774
0.17785	0.068899
0.17817	0.069025
0.1785	0.06915
0.17882	0.069276
0.17915	0.069402
0.17947	0.069528
0.1798	0.069654
0.18013	0.069781
0.18045	0.069907
0.18078	0.070034
0.18111	0.070161
0.18144	0.070289
0.18177	0.070416
0.18209	0.070544
0.18242	0.070671
0.18275	0.070799
0.18309	0.070927
0.18342	0.071056
0.18375	0.071184
0.18408	0.071313
0.18441	0.071442
0.18475	0.071571
0.18508	0.0717
0.18541	0.07183
0.18575	0.071959
0.18608	0.072089
0.18642	0.072219
0.18676	0.072349
0.18709	0.07248
0.18743	0.07261
0.18777	0.072741
0.18811	0.072872
0.18844	0.073003
0.18878	0.073135
0.18912	0.073266
0.18946	0.073398
0.1898	0.07353
0.19014	0.073662
0.19049	0.073794
0.19083	0.073927
0.19117	0.074059
0.19151	0.074192
0.19186	0.074325
0.1922	0.074459
0.19255	0.074592
0.19289	0.074726
0.19324	0.07486
0.19358	0.074994
0.19393	0.075128
0.19428	0.075262
0.19462	0.075397
0.19497	0.075532
0.19532	0.075667
0.19567	0.075802
0.19602	0.075937
0.19637	0.076073
0.19672	0.076209
0.19707	0.076345
0.19742	0.076481
0.19777	0.076617
0.19813	0.076754
0.19848	0.076891
0.19883	0.077027
0.19919	0.077165
0.19954	0.077302
0.1999	0.077439
0.20025	0.077577
0.20061	0.077715
0.20096	0.077853
0.20132	0.077992
0.20168	0.07813
0.20204	0.078269
0.20239	0.078408
0.20275	0.078547
0.20311	0.078686
0.20347	0.078826
0.20383	0.078965
0.2042	0.079105
0.20456	0.079245
0.20492	0.079386
0.20528	0.079526
0.20565	0.079667
0.20601	0.079808
0.20637	0.079949
0.20674	0.08009
0.2071	0.080232
0.20747	0.080373
0.20784	0.080515
0.2082	0.080657
0.20857	0.0808
0.20894	0.080942
0.20931	0.081085
0.20967	0.081228
0.21004	0.081371
0.21041	0.081514
0.21078	0.081658
0.21116	0.081801
0.21153	0.081945
0.2119	0.08209
0.21227	0.082234
0.21264	0.082378
0.21302	0.082523
0.21339	0.082668
0.21377	0.082813
0.21414	0.082959
0.21452	0.083104
0.21489	0.08325
0.21527	0.083396
0.21565	0.083542
0.21603	0.083688
0.2164	0.083835
0.21678	0.083982
0.21716	0.084129
0.21754	0.084276
0.21792	0.084423
0.2183	0.084571
0.21869	0.084719
0.21907	0.084867
0.21945	0.085015
0.21983	0.085163
0.22022	0.085312
0.2206	0.085461
0.22099	0.08561
0.22137	0.085759
0.22176	0.085908
0.22214	0.086058
0.22253	0.086208
0.22292	0.086358
0.22331	0.086508
0.22369	0.086659
0.22408	0.08681
0.22447	0.086961
0.22486	0.087112
0.22525	0.087263
0.22564	0.087415
0.22604	0.087566
0.22643	0.087718
0.22682	0.08787
0.22721	0.088023
0.22761	0.088175
0.228	0.088328
0.2284	0.088481
0.22879	0.088635
0.22919	0.088788
0.22959	0.088942
0.22998	0.089096
0.23038	0.08925
0.23078	0.089404
0.23118	0.089558
0.23158	0.089713
0.23198	0.089868
0.23238	0.090023
0.23278	0.090179
0.23318	0.090334
0.23358	0.09049
0.23399	0.090646
0.23439	0.090802
0.23479	0.090959
0.2352	0.091115
0.2356	0.091272
0.23601	0.091429
0.23641	0.091586
0.23682	0.091744
0.23723	0.091902
0.23763	0.09206
0.23804	0.092218
0.23845	0.092376
0.23886	0.092535
0.23927	0.092694
0.23968	0.092853
0.24009	0.093012
0.2405	0.093171
0.24092	0.093331
0.24133	0.093491
0.24174	0.093651
0.24216	0.093811
0.24257	0.093972
0.24299	0.094133
0.2434	0.094294
0.24382	0.094455
0.24423	0.094616
0.24465	0.094778
0.24507	0.09494
0.24549	0.095102
0.24591	0.095264
0.24633	0.095427
0.24675	0.095589
0.24717	0.095752
0.24759	0.095915
0.24801	0.096079
0.24843	0.096242
0.24885	0.096406
0.24928	0.09657
0.2497	0.096735
0.25013	0.096899
0.25055	0.097064
0.25098	0.097229
0.2514	0.097394
0.25183	0.097559
0.25226	0.097725
0.25269	0.097891
0.25312	0.098057
0.25354	0.098223
0.25397	0.09839
0.2544	0.098556
0.25484	0.098723
0.25527	0.098891
0.2557	0.099058
0.25613	0.099226
0.25657	0.099393
0.257	0.099562
0.25743	0.09973
0.25787	0.099898
0.2583	0.10007
0.25874	0.10024
0.25918	0.10041
0.25961	0.10057
0.26005	0.10074
0.26049	0.10091
0.26093	0.10108
0.26137	0.10125
0.26181	0.10143
0.26225	0.1016
0.26269	0.10177
0.26313	0.10194
0.26358	0.10211
0.26402	0.10228
0.26446	0.10245
0.26491	0.10263
0.26535	0.1028
0.2658	0.10297
0.26625	0.10314
0.26669	0.10332
0.26714	0.10349
0.26759	0.10366
0.26804	0.10384
0.26849	0.10401
0.26894	0.10419
0.26939	0.10436
0.26984	0.10453
0.27029	0.10471
0.27074	0.10488
0.27119	0.10506
0.27165	0.10524
0.2721	0.10541
0.27255	0.10559
0.27301	0.10576
0.27347	0.10594
0.27392	0.10612
0.27438	0.10629
0.27484	0.10647
0.27529	0.10665
0.27575	0.10683
0.27621	0.107
0.27667	0.10718
0.27713	0.10736
0.27759	0.10754
0.27806	0.10772
0.27852	0.1079
0.27898	0.10808
0.27945	0.10826
0.27991	0.10844
0.28037	0.10862
0.28084	0.1088
0.28131	0.10898
0.28177	0.10916
0.28224	0.10934
0.28271	0.10952
0.28318	0.1097
0.28364	0.10988
0.28411	0.11007
0.28458	0.11025
0.28506	0.11043
0.28553	0.11061
0.286	0.1108
0.28647	0.11098
0.28695	0.11116
0.28742	0.11135
0.28789	0.11153
0.28837	0.11171
0.28885	0.1119
0.28932	0.11208
0.2898	0.11227
0.29028	0.11245
0.29075	0.11264
0.29123	0.11282
0.29171	0.11301
0.29219	0.1132
0.29267	0.11338
0.29316	0.11357
0.29364	0.11376
0.29412	0.11394
0.2946	0.11413
0.29509	0.11432
0.29557	0.1145
0.29606	0.11469
0.29654	0.11488
0.29703	0.11507
0.29752	0.11526
0.298	0.11545
0.29849	0.11564
0.29898	0.11583
0.29947	0.11602
0.29996	0.1162
0.30045	0.1164
0.30094	0.11659
0.30144	0.11678
0.30193	0.11697
0.30242	0.11716
0.30292	0.11735
0.30341	0.11754
0.30391	0.11773
0.3044	0.11793
0.3049	0.11812
0.30539	0.11831
0.30589	0.1185
0.30639	0.1187
0.30689	0.11889
0.30739	0.11908
0.30789	0.11928
0.30839	0.11947
0.30889	0.11967
0.3094	0.11986
0.3099	0.12005
0.3104	0.12025
0.31091	0.12044
0.31141	0.12064
0.31192	0.12084
0.31242	0.12103
0.31293	0.12123
0.31344	0.12143
0.31394	0.12162
0.31445	0.12182
0.31496	0.12202
0.31547	0.12221
0.31598	0.12241
0.31649	0.12261
0.31701	0.12281
0.31752	0.12301
0.31803	0.12321
0.31855	0.1234
0.31906	0.1236
0.31958	0.1238
0.32009	0.124
0.32061	0.1242
0.32112	0.1244
0.32164	0.1246
0.32216	0.12481
0.32268	0.12501
0.3232	0.12521
0.32372	0.12541
0.32424	0.12561
0.32476	0.12581
0.32529	0.12602
0.32581	0.12622
0.32633	0.12642
0.32686	0.12662
0.32738	0.12683
0.32791	0.12703
0.32843	0.12724
0.32896	0.12744
0.32949	0.12764
0.33002	0.12785
0.33055	0.12805
0.33107	0.12826
0.33161	0.12846
0.33214	0.12867
0.33267	0.12888
0.3332	0.12908
0.33373	0.12929
0.33427	0.12949
0.3348	0.1297
0.33534	0.12991
0.33587	0.13012
0.33641	0.13032
0.33694	0.13053
0.33748	0.13074
0.33802	0.13095
0.33856	0.13116
0.3391	0.13137
0.33964	0.13158
0.34018	0.13179
0.34072	0.132
0.34126	0.13221
0.34181	0.13242
0.34235	0.13263
0.3429	0.13284
0.34344	0.13305
0.34399	0.13326
0.34453	0.13347
0.34508	0.13368
0.34563	0.1339
0.34618	0.13411
0.34672	0.13432
0.34727	0.13453
0.34782	0.13475
0.34838	0.13496
0.34893	0.13517
0.34948	0.13539
0.35003	0.1356
0.35059	0.13582
0.35114	0.13603
0.3517	0.13625
0.35225	0.13646
0.35281	0.13668
0.35337	0.13689
0.35392	0.13711
0.35448	0.13733
0.35504	0.13754
0.3556	0.13776
0.35616	0.13798
0.35672	0.13819
0.35729	0.13841
0.35785	0.13863
0.35841	0.13885
0.35898	0.13907
0.35954	0.13929
0.36011	0.13951
0.36067	0.13972
0.36124	0.13994
0.36181	0.14016
0.36237	0.14038
0.36294	0.1406
0.36351	0.14083
0.36408	0.14105
0.36465	0.14127
0.36523	0.14149
0.3658	0.14171
0.36637	0.14193
0.36695	0.14215
0.36752	0.14238
0.3681	0.1426
0.36867	0.14282
0.36925	0.14305
0.36983	0.14327
0.3704	0.14349
0.37098	0.14372
0.37156	0.14394
0.37214	0.14417
0.37272	0.14439
0.3733	0.14462
0.37389	0.14484
0.37447	0.14507
0.37505	0.1453
0.37564	0.14552
0.37622	0.14575
0.37681	0.14598
0.37739	0.1462
0.37798	0.14643
0.37857	0.14666
0.37916	0.14689
0.37975	0.14711
0.38034	0.14734
0.38093	0.14757
0.38152	0.1478
0.38211	0.14803
0.3827	0.14826
0.3833	0.14849
0.38389	0.14872
0.38449	0.14895
0.38508	0.14918
0.38568	0.14941
0.38628	0.14964
0.38687	0.14987
0.38747	0.15011
0.38807	0.15034
0.38867	0.15057
0.38927	0.1508
0.38987	0.15104
0.39048	0.15127
0.39108	0.1515
0.39168	0.15174
0.39229	0.15197
0.39289	0.15221
0.3935	0.15244
0.3941	0.15268
0.39471	0.15291
0.39532	0.15315
0.39593	0.15338
0.39654	0.15362
0.39715	0.15385
0.39776	0.15409
0.39837	0.15433
0.39898	0.15457
0.39959	0.1548
0.40021	0.15504
0.40082	0.15528
0.40144	0.15552
0.40205	0.15576
0.40267	0.15599
0.40329	0.15623
0.4039	0.15647
0.40452	0.15671
0.40514	0.15695
0.40576	0.15719
0.40638	0.15743
0.40701	0.15767
0.40763	0.15792
0.40825	0.15816
0.40888	0.1584
0.4095	0.15864
0.41013	0.15888
0.41075	0.15913
0.41138	0.15937
0.41201	0.15961
0.41263	0.15985
0.41326	0.1601
0.41389	0.16034
0.41452	0.16059
0.41515	0.16083
0.41579	0.16108
0.41642	0.16132
0.41705	0.16157
0.41769	0.16181
0.41832	0.16206
0.41896	0.1623
0.41959	0.16255
0.42023	0.1628
0.42087	0.16304
0.42151	0.16329
0.42215	0.16354
0.42279	0.16379
0.42343	0.16404
0.42407	0.16428
0.42471	0.16453
0.42536	0.16478
0.426	0.16503
0.42664	0.16528
0.42729	0.16553
0.42794	0.16578
0.42858	0.16603
0.42923	0.16628
0.42988	0.16654
0.43053	0.16679
0.43118	0.16704
0.43183	0.16729
0.43248	0.16754
0.43313	0.1678
0.43379	0.16805
0.43444	0.1683
0.43509	0.16856
0.43575	0.16881
0.43641	0.16906
0.43706	0.16932
0.43772	0.16957
0.43838	0.16983
0.43904	0.17008
0.4397	0.17034
0.44036	0.17059
0.44102	0.17085
0.44168	0.17111
0.44234	0.17136
0.44301	0.17162
0.44367	0.17188
0.44434	0.17214
0.445	0.17239
0.44567	0.17265
0.44634	0.17291
0.447	0.17317
0.44767	0.17343
0.44834	0.17369
0.44901	0.17395
0.44968	0.17421
0.45036	0.17447
0.45103	0.17473
0.4517	0.17499
0.45238	0.17525
0.45305	0.17551
0.45373	0.17577
0.4544	0.17604
0.45508	0.1763
0.45576	0.17656
0.45644	0.17682
0.45712	0.17709
0.4578	0.17735
0.45848	0.17762
0.45916	0.17788
0.45985	0.17814
0.46053	0.17841
0.46121	0.17867
0.4619	0.17894
0.46258	0.17921
0.46327	0.17947
0.46396	0.17974
0.46465	0.18
0.46534	0.18027
0.46603	0.18054
0.46672	0.18081
0.46741	0.18107
0.4681	0.18134
0.46879	0.18161
0.46949	0.18188
0.47018	0.18215
0.47088	0.18242
0.47157	0.18269
0.47227	0.18296
0.47297	0.18323
0.47366	0.1835
0.47436	0.18377
0.47506	0.18404
0.47576	0.18431
0.47647	0.18458
0.47717	0.18486
0.47787	0.18513
0.47858	0.1854
0.47928	0.18567
0.47999	0.18595
0.48069	0.18622
0.4814	0.18649
0.48211	0.18677
0.48282	0.18704
0.48353	0.18732
0.48424	0.18759
0.48495	0.18787
0.48566	0.18814
0.48637	0.18842
0.48708	0.1887
0.4878	0.18897
0.48851	0.18925
0.48923	0.18953
0.48995	0.18981
0.49066	0.19008
0.49138	0.19036
0.4921	0.19064
0.49282	0.19092
0.49354	0.1912
0.49426	0.19148
0.49498	0.19176
0.49571	0.19204
0.49643	0.19232
0.49716	0.1926
0.49788	0.19288
0.49861	0.19316
0.49933	0.19344
0.50006	0.19372
0.50079	0.19401
0.50152	0.19429
0.50225	0.19457
0.50298	0.19486
0.50371	0.19514
0.50445	0.19542
0.50518	0.19571
0.50591	0.19599
0.50665	0.19628
0.50739	0.19656
0.50812	0.19685
0.50886	0.19713
0.5096	0.19742
0.51034	0.1977
0.51108	0.19799
0.51182	0.19828
0.51256	0.19857
0.5133	0.19885
0.51405	0.19914
0.51479	0.19943
0.51553	0.19972
0.51628	0.20001
0.51703	0.2003
0.51777	0.20059
0.51852	0.20088
0.51927	0.20117
0.52002	0.20146
0.52077	0.20175
0.52152	0.20204
0.52228	0.20233
0.52303	0.20262
0.52378	0.20291
0.52454	0.20321
0.52529	0.2035
0.52605	0.20379
0.52681	0.20408
0.52756	0.20438
0.52832	0.20467
0.52908	0.20497
0.52984	0.20526
0.5306	0.20556
0.53137	0.20585
0.53213	0.20615
0.53289	0.20644
0.53366	0.20674
0.53442	0.20704
0.53519	0.20733
0.53596	0.20763
0.53672	0.20793
0.53749	0.20822
0.53826	0.20852
0.53903	0.20882
0.5398	0.20912
0.54058	0.20942
0.54135	0.20972
0.54212	0.21002
0.5429	0.21032
0.54367	0.21062
0.54445	0.21092
0.54523	0.21122
0.546	0.21152
0.54678	0.21182
0.54756	0.21213
0.54834	0.21243
0.54912	0.21273
0.54991	0.21303
0.55069	0.21334
0.55147	0.21364
0.55226	0.21394
0.55304	0.21425
0.55383	0.21455
0.55462	0.21486
0.55541	0.21516
0.55619	0.21547
0.55698	0.21578
0.55777	0.21608
0.55857	0.21639
0.55936	0.2167
0.56015	0.217
0.56095	0.21731
0.56174	0.21762
0.56254	0.21793
0.56333	0.21823
0.56413	0.21854
0.56493	0.21885
0.56573	0.21916
0.56653	0.21947
0.56733	0.21978
0.56813	0.22009
0.56893	0.2204
0.56973	0.22072
0.57054	0.22103
0.57134	0.22134
0.57215	0.22165
0.57296	0.22196
0.57376	0.22228
0.57457	0.22259
0.57538	0.2229
0.57619	0.22322
0.577	0.22353
0.57781	0.22385
0.57863	0.22416
0.57944	0.22448
0.58025	0.22479
0.58107	0.22511
0.58189	0.22542
0.5827	0.22574
0.58352	0.22606
0.58434	0.22637
0.58516	0.22669
0.58598	0.22701
0.5868	0.22733
0.58762	0.22765
0.58845	0.22796
0.58927	0.22828
0.59009	0.2286
0.59092	0.22892
0.59175	0.22924
0.59257	0.22956
0.5934	0.22988
0.59423	0.23021
0.59506	0.23053
0.59589	0.23085
0.59672	0.23117
0.59756	0.23149
0.59839	0.23182
0.59922	0.23214
0.60006	0.23246
0.6009	0.23279
0.60173	0.23311
0.60257	0.23344
0.60341	0.23376
0.60425	0.23409
0.60509	0.23441
0.60593	0.23474
0.60677	0.23506
0.60761	0.23539
0.60846	0.23572
0.6093	0.23604
0.61015	0.23637
0.611	0.2367
0.61184	0.23703
0.61269	0.23736
0.61354	0.23769
0.61439	0.23801
0.61524	0.23834
0.61609	0.23867
0.61695	0.239
0.6178	0.23934
0.61865	0.23967
0.61951	0.24
0.62037	0.24033
0.62122	0.24066
0.62208	0.24099
0.62294	0.24133
0.6238	0.24166
0.62466	0.24199
0.62552	0.24233
0.62638	0.24266
0.62725	0.243
0.62811	0.24333
0.62898	0.24367
0.62984	0.244
0.63071	0.24434
0.63158	0.24467
0.63244	0.24501
0.63331	0.24535
0.63418	0.24568
0.63506	0.24602
0.63593	0.24636
0.6368	0.2467
0.63768	0.24704
0.63855	0.24737
0.63943	0.24771
0.6403	0.24805
0.64118	0.24839
0.64206	0.24873
0.64294	0.24907
0.64382	0.24942
0.6447	0.24976
0.64558	0.2501
0.64646	0.25044
0.64735	0.25078
0.64823	0.25113
0.64912	0.25147
0.65	0.25181
0.65089	0.25216
0.65178	0.2525
0.65267	0.25284
0.65356	0.25319
0.65445	0.25353
0.65534	0.25388
0.65624	0.25423
0.65713	0.25457
0.65802	0.25492
0.65892	0.25527
0.65982	0.25561
0.66071	0.25596
0.66161	0.25631
0.66251	0.25666
0.66341	0.25701
0.66431	0.25735
0.66521	0.2577
0.66612	0.25805
0.66702	0.2584
0.66792	0.25875
0.66883	0.2591
0.66974	0.25946
0.67064	0.25981
0.67155	0.26016
0.67246	0.26051
0.67337	0.26086
0.67428	0.26122
0.67519	0.26157
0.67611	0.26192
0.67702	0.26228
0.67793	0.26263
0.67885	0.26299
0.67977	0.26334
0.68068	0.2637
0.6816	0.26405
0.68252	0.26441
0.68344	0.26477
0.68436	0.26512
0.68528	0.26548
0.68621	0.26584
0.68713	0.26619
0.68806	0.26655
0.68898	0.26691
0.68991	0.26727
0.69084	0.26763
0.69176	0.26799
0.69269	0.26835
0.69362	0.26871
0.69455	0.26907
0.69549	0.26943
0.69642	0.26979
0.69735	0.27015
0.69829	0.27052
0.69922	0.27088
0.70016	0.27124
0.7011	0.27161
0.70204	0.27197
0.70298	0.27233
0.70392	0.2727
0.70486	0.27306
0.7058	0.27343
0.70674	0.27379
0.70769	0.27416
0.70863	0.27452
0.70958	0.27489
0.71053	0.27526
0.71147	0.27562
0.71242	0.27599
0.71337	0.27636
0.71432	0.27673
0.71527	0.2771
0.71623	0.27747
0.71718	0.27784
0.71813	0.27821
0.71909	0.27858
0.72005	0.27895
0.721	0.27932
0.72196	0.27969
0.72292	0.28006
0.72388	0.28043
0.72484	0.2808
0.7258	0.28118
0.72677	0.28155
0.72773	0.28192
0.72869	0.2823
0.72966	0.28267
0.73063	0.28304
0.73159	0.28342
0.73256	0.28379
0.73353	0.28417
0.7345	0.28455
0.73547	0.28492
0.73645	0.2853
0.73742	0.28568
0.73839	0.28605
0.73937	0.28643
0.74034	0.28681
0.74132	0.28719
0.7423	0.28757
0.74328	0.28795
0.74426	0.28833
0.74524	0.28871
0.74622	0.28909
0.7472	0.28947
0.74819	0.28985
0.74917	0.29023
0.75016	0.29061
0.75114	0.29099
0.75213	0.29138
0.75312	0.29176
0.75411	0.29214
0.7551	0.29253
0.75609	0.29291
0.75708	0.29329
0.75807	0.29368
0.75907	0.29406
0.76006	0.29445
0.76106	0.29483
0.76206	0.29522
0.76305	0.29561
0.76405	0.29599
0.76505	0.29638
0.76605	0.29677
0.76706	0.29716
0.76806	0.29755
0.76906	0.29793
0.77007	0.29832
0.77107	0.29871
0.77208	0.2991
0.77309	0.29949
0.77409	0.29988
0.7751	0.30028
0.77611	0.30067
0.77713	0.30106
0.77814	0.30145
0.77915	0.30184
0.78017	0.30224
0.78118	0.30263
0.7822	0.30302
0.78321	0.30342
0.78423	0.30381
0.78525	0.30421
0.78627	0.3046
0.78729	0.305
0.78831	0.30539
0.78934	0.30579
0.79036	0.30619
0.79139	0.30658
0.79241	0.30698
0.79344	0.30738
0.79447	0.30778
0.79549	0.30817
0.79652	0.30857
0.79756	0.30897
0.79859	0.30937
0.79962	0.30977
0.80065	0.31017
0.80169	0.31057
0.80272	0.31097
0.80376	0.31138
0.8048	0.31178
0.80584	0.31218
0.80688	0.31258
0.80792	0.31299
0.80896	0.31339
0.81	0.31379
0.81104	0.3142
0.81209	0.3146
0.81313	0.31501
0.81418	0.31541
0.81523	0.31582
0.81627	0.31622
0.81732	0.31663
0.81837	0.31704
0.81942	0.31745
0.82048	0.31785
0.82153	0.31826
0.82258	0.31867
0.82364	0.31908
0.8247	0.31949
0.82575	0.3199
0.82681	0.32031
0.82787	0.32072
0.82893	0.32113
0.82999	0.32154
0.83105	0.32195
0.83212	0.32236
0.83318	0.32277
0.83424	0.32319
0.83531	0.3236
0.83638	0.32401
0.83745	0.32443
0.83851	0.32484
0.83958	0.32525
0.84066	0.32567
0.84173	0.32609
0.8428	0.3265
0.84387	0.32692
0.84495	0.32733
0.84602	0.32775
0.8471	0.32817
0.84818	0.32858
0.84926	0.329
0.85034	0.32942
0.85142	0.32984
0.8525	0.33026
0.85358	0.33068
0.85467	0.3311
0.85575	0.33152
0.85684	0.33194
0.85792	0.33236
0.85901	0.33278
0.8601	0.3332
0.86119	0.33363
0.86228	0.33405
0.86337	0.33447
0.86447	0.33489
0.86556	0.33532
0.86665	0.33574
0.86775	0.33617
0.86885	0.33659
0.86995	0.33702
0.87104	0.33744
0.87214	0.33787
0.87324	0.33829
0.87435	0.33872
0.87545	0.33915
0.87655	0.33958
0.87766	0.34
0.87876	0.34043
0.87987	0.34086
0.88098	0.34129
0.88209	0.34172
0.8832	0.34215
0.88431	0.34258
0.88542	0.34301
0.88653	0.34344
0.88765	0.34387
0.88876	0.34431
0.88988	0.34474
0.89099	0.34517
0.89211	0.3456
0.89323	0.34604
0.89435	0.34647
0.89547	0.34691
0.89659	0.34734
0.89772	0.34778
0.89884	0.34821
0.89997	0.34865
0.90109	0.34908
0.90222	0.34952
0.90335	0.34996
0.90448	0.35039
0.90561	0.35083
0.90674	0.35127
0.90787	0.35171
0.909	0.35215
0.91014	0.35259
0.91127	0.35303
0.91241	0.35347
0.91355	0.35391
0.91468	0.35435
0.91582	0.35479
0.91696	0.35523
0.9181	0.35567
0.91925	0.35612
0.92039	0.35656
0.92153	0.357
0.92268	0.35745
0.92383	0.35789
0.92497	0.35833
0.92612	0.35878
0.92727	0.35922
0.92842	0.35967
0.92957	0.36012
0.93073	0.36056
0.93188	0.36101
0.93303	0.36146
0.93419	0.3619
0.93535	0.36235
0.9365	0.3628
0.93766	0.36325
0.93882	0.3637
0.93998	0.36415
0.94114	0.3646
0.94231	0.36505
0.94347	0.3655
0.94464	0.36595
0.9458	0.3664
0.94697	0.36686
0.94814	0.36731
0.94931	0.36776
0.95048	0.36821
0.95165	0.36867
0.95282	0.36912
0.95399	0.36958
0.95517	0.37003
0.95634	0.37049
0.95752	0.37094
0.95869	0.3714
0.95987	0.37185
0.96105	0.37231
0.96223	0.37277
0.96341	0.37323
0.9646	0.37368
0.96578	0.37414
0.96696	0.3746
0.96815	0.37506
0.96934	0.37552
0.97052	0.37598
0.97171	0.37644
0.9729	0.3769
0.97409	0.37736
0.97528	0.37783
0.97648	0.37829
0.97767	0.37875
0.97887	0.37921
0.98006	0.37968
0.98126	0.38014
0.98246	0.3806
0.98366	0.38107
0.98486	0.38153
0.98606	0.382
0.98726	0.38246
0.98846	0.38293
0.98967	0.3834
0.99087	0.38386
0.99208	0.38433
0.99329	0.3848
0.99449	0.38527
0.9957	0.38574
0.99691	0.3862
0.99813	0.38667
0.99934	0.38714
1.0006	0.38761
1.0018	0.38808
1.003	0.38856
1.0042	0.38903
1.0054	0.3895
1.0066	0.38997
1.0079	0.39044
1.0091	0.39092
1.0103	0.39139
1.0115	0.39186
1.0127	0.39234
1.014	0.39281
1.0152	0.39329
1.0164	0.39376
1.0177	0.39424
1.0189	0.39472
1.0201	0.39519
1.0213	0.39567
1.0226	0.39615
1.0238	0.39662
1.025	0.3971
1.0263	0.39758
1.0275	0.39806
1.0288	0.39854
1.03	0.39902
1.0312	0.3995
1.0325	0.39998
1.0337	0.40046
1.035	0.40094
1.0362	0.40143
1.0375	0.40191
1.0387	0.40239
1.0399	0.40287
1.0412	0.40336
1.0424	0.40384
1.0437	0.40433
1.0449	0.40481
1.0462	0.4053
1.0475	0.40578
1.0487	0.40627
1.05	0.40676
1.0512	0.40724
1.0525	0.40773
1.0537	0.40822
1.055	0.40871
1.0563	0.40919
1.0575	0.40968
1.0588	0.41017
1.06	0.41066
1.0613	0.41115
1.0626	0.41164
1.0638	0.41213
1.0651	0.41263
1.0664	0.41312
1.0677	0.41361
1.0689	0.4141
1.0702	0.4146
1.0715	0.41509
1.0728	0.41558
1.074	0.41608
1.0753	0.41657
1.0766	0.41707
1.0779	0.41756
1.0791	0.41806
1.0804	0.41856
1.0817	0.41905
1.083	0.41955
1.0843	0.42005
1.0856	0.42055
1.0868	0.42104
1.0881	0.42154
1.0894	0.42204
1.0907	0.42254
1.092	0.42304
1.0933	0.42354
1.0946	0.42404
1.0959	0.42455
1.0972	0.42505
1.0985	0.42555
1.0998	0.42605
1.1011	0.42656
1.1024	0.42706
1.1037	0.42756
1.105	0.42807
1.1063	0.42857
1.1076	0.42908
1.1089	0.42958
1.1102	0.43009
1.1115	0.4306
1.1128	0.4311
1.1141	0.43161
1.1154	0.43212
1.1167	0.43263
1.1181	0.43313
1.1194	0.43364
1.1207	0.43415
1.122	0.43466
1.1233	0.43517
1.1246	0.43568
1.126	0.4362
1.1273	0.43671
1.1286	0.43722
1.1299	0.43773
1.1312	0.43824
1.1326	0.43876
1.1339	0.43927
1.1352	0.43978
1.1365	0.4403
1.1379	0.44081
1.1392	0.44133
1.1405	0.44185
1.1419	0.44236
1.1432	0.44288
1.1445	0.44339
1.1459	0.44391
1.1472	0.44443
1.1485	0.44495
1.1499	0.44547
1.1512	0.44599
1.1526	0.44651
1.1539	0.44703
1.1553	0.44755
1.1566	0.44807
1.1579	0.44859
1.1593	0.44911
1.1606	0.44963
1.162	0.45015
1.1633	0.45068
1.1647	0.4512
1.166	0.45172
1.1674	0.45225
1.1687	0.45277
1.1701	0.4533
1.1715	0.45382
1.1728	0.45435
1.1742	0.45488
1.1755	0.4554
1.1769	0.45593
1.1783	0.45646
1.1796	0.45699
1.181	0.45751
1.1823	0.45804
1.1837	0.45857
1.1851	0.4591
1.1865	0.45963
1.1878	0.46016
1.1892	0.46069
1.1906	0.46122
1.1919	0.46176
1.1933	0.46229
1.1947	0.46282
1.1961	0.46335
1.1974	0.46389
1.1988	0.46442
1.2002	0.46496
1.2016	0.46549
1.203	0.46603
1.2043	0.46656
1.2057	0.4671
1.2071	0.46763
1.2085	0.46817
1.2099	0.46871
1.2113	0.46925
1.2127	0.46979
1.2141	0.47032
1.2154	0.47086
1.2168	0.4714
1.2182	0.47194
1.2196	0.47248
1.221	0.47302
1.2224	0.47357
1.2238	0.47411
1.2252	0.47465
1.2266	0.47519
1.228	0.47573
1.2294	0.47628
1.2308	0.47682
1.2322	0.47737
1.2336	0.47791
1.235	0.47846
1.2365	0.479
1.2379	0.47955
1.2393	0.48009
1.2407	0.48064
1.2421	0.48119
1.2435	0.48174
1.2449	0.48228
1.2463	0.48283
1.2478	0.48338
1.2492	0.48393
1.2506	0.48448
1.252	0.48503
1.2534	0.48558
1.2549	0.48613
1.2563	0.48668
1.2577	0.48724
1.2591	0.48779
1.2606	0.48834
1.262	0.4889
1.2634	0.48945
1.2649	0.49
1.2663	0.49056
1.2677	0.49111
1.2691	0.49167
1.2706	0.49222
1.272	0.49278
1.2735	0.49334
1.2749	0.49389
1.2763	0.49445
1.2778	0.49501
1.2792	0.49557
1.2807	0.49613
1.2821	0.49669
1.2836	0.49725
1.285	0.49781
1.2864	0.49837
1.2879	0.49893
1.2893	0.49949
1.2908	0.50005
1.2922	0.50062
1.2937	0.50118
1.2952	0.50174
1.2966	0.50231
1.2981	0.50287
1.2995	0.50343
1.301	0.504
1.3024	0.50457
1.3039	0.50513
1.3054	0.5057
1.3068	0.50626
1.3083	0.50683
1.3098	0.5074
1.3112	0.50797
1.3127	0.50854
1.3142	0.5091
1.3156	0.50967
1.3171	0.51024
1.3186	0.51081
1.32	0.51139
1.3215	0.51196
1.323	0.51253
1.3245	0.5131
1.3259	0.51367
1.3274	0.51425
1.3289	0.51482
1.3304	0.51539
1.3319	0.51597
1.3334	0.51654
1.3348	0.51712
1.3363	0.51769
1.3378	0.51827
1.3393	0.51884
1.3408	0.51942
1.3423	0.52
1.3438	0.52058
1.3453	0.52116
1.3468	0.52173
1.3483	0.52231
1.3497	0.52289
1.3512	0.52347
1.3527	0.52405
1.3542	0.52463
1.3557	0.52521
1.3572	0.5258
1.3587	0.52638
1.3603	0.52696
1.3618	0.52754
1.3633	0.52813
1.3648	0.52871
1.3663	0.5293
1.3678	0.52988
1.3693	0.53047
1.3708	0.53105
1.3723	0.53164
1.3738	0.53222
1.3754	0.53281
1.3769	0.5334
1.3784	0.53399
1.3799	0.53458
1.3814	0.53516
1.3829	0.53575
1.3845	0.53634
1.386	0.53693
1.3875	0.53752
1.389	0.53811
1.3906	0.53871
1.3921	0.5393
1.3936	0.53989
1.3952	0.54048
1.3967	0.54108
1.3982	0.54167
1.3998	0.54226
1.4013	0.54286
1.4028	0.54345
1.4044	0.54405
1.4059	0.54464
1.4074	0.54524
1.409	0.54584
1.4105	0.54644
1.4121	0.54703
1.4136	0.54763
1.4152	0.54823
1.4167	0.54883
1.4182	0.54943
1.4198	0.55003
1.4213	0.55063
1.4229	0.55123
1.4244	0.55183
1.426	0.55243
1.4276	0.55303
1.4291	0.55364
1.4307	0.55424
1.4322	0.55484
1.4338	0.55545
1.4353	0.55605
1.4369	0.55666
1.4385	0.55726
1.44	0.55787
1.4416	0.55847
1.4432	0.55908
1.4447	0.55969
1.4463	0.56029
1.4479	0.5609
1.4494	0.56151
1.451	0.56212
1.4526	0.56273
1.4541	0.56334
1.4557	0.56395
1.4573	0.56456
1.4589	0.56517
1.4605	0.56578
1.462	0.56639
1.4636	0.567
1.4652	0.56762
1.4668	0.56823
1.4684	0.56884
1.4699	0.56946
1.4715	0.57007
1.4731	0.57069
1.4747	0.5713
1.4763	0.57192
1.4779	0.57254
1.4795	0.57315
1.4811	0.57377
1.4827	0.57439
1.4843	0.57501
1.4859	0.57562
1.4875	0.57624
1.4891	0.57686
1.4907	0.57748
1.4923	0.5781
1.4939	0.57872
1.4955	0.57935
1.4971	0.57997
1.4987	0.58059
1.5003	0.58121
1.5019	0.58184
1.5035	0.58246
1.5051	0.58308
1.5067	0.58371
1.5083	0.58433
1.51	0.58496
1.5116	0.58558
1.5132	0.58621
1.5148	0.58684
1.5164	0.58746
1.518	0.58809
1.5197	0.58872
1.5213	0.58935
1.5229	0.58998
1.5245	0.59061
1.5262	0.59124
1.5278	0.59187
1.5294	0.5925
1.531	0.59313
1.5327	0.59376
1.5343	0.59439
1.5359	0.59502
1.5376	0.59566
1.5392	0.59629
1.5409	0.59693
1.5425	0.59756
1.5441	0.59819
1.5458	0.59883
1.5474	0.59947
1.549	0.6001
1.5507	0.60074
1.5523	0.60138
1.554	0.60201
1.5556	0.60265
1.5573	0.60329
1.5589	0.60393
1.5606	0.60457
1.5622	0.60521
1.5639	0.60585
1.5655	0.60649
1.5672	0.60713
1.5688	0.60777
1.5705	0.60841
1.5722	0.60906
1.5738	0.6097
1.5755	0.61034
1.5771	0.61099
1.5788	0.61163
1.5805	0.61228
1.5821	0.61292
1.5838	0.61357
1.5855	0.61421
1.5871	0.61486
1.5888	0.61551
1.5905	0.61615
1.5922	0.6168
1.5938	0.61745
1.5955	0.6181
1.5972	0.61875
1.5989	0.6194
1.6005	0.62005
1.6022	0.6207
1.6039	0.62135
1.6056	0.622
1.6073	0.62265
1.6089	0.62331
1.6106	0.62396
1.6123	0.62461
1.614	0.62527
1.6157	0.62592
1.6174	0.62658
1.6191	0.62723
1.6208	0.62789
1.6225	0.62854
1.6242	0.6292
1.6259	0.62986
1.6276	0.63051
1.6293	0.63117
1.631	0.63183
1.6327	0.63249
1.6344	0.63315
1.6361	0.63381
1.6378	0.63447
1.6395	0.63513
1.6412	0.63579
1.6429	0.63645
1.6446	0.63711
1.6463	0.63778
1.648	0.63844
1.6497	0.6391
1.6514	0.63977
1.6532	0.64043
1.6549	0.6411
1.6566	0.64176
1.6583	0.64243
1.66	0.64309
1.6617	0.64376
1.6635	0.64443
1.6652	0.6451
1.6669	0.64576
1.6686	0.64643
1.6704	0.6471
1.6721	0.64777
1.6738	0.64844
1.6756	0.64911
1.6773	0.64978
1.679	0.65045
1.6808	0.65112
1.6825	0.6518
1.6842	0.65247
1.686	0.65314
1.6877	0.65382
1.6894	0.65449
1.6912	0.65516
1.6929	0.65584
1.6947	0.65651
1.6964	0.65719
1.6982	0.65787
1.6999	0.65854
1.7017	0.65922
1.7034	0.6599
1.7052	0.66058
1.7069	0.66125
1.7087	0.66193
1.7104	0.66261
1.7122	0.66329
1.7139	0.66397
1.7157	0.66465
1.7174	0.66534
1.7192	0.66602
1.721	0.6667
1.7227	0.66738
1.7245	0.66807
1.7262	0.66875
1.728	0.66943
1.7298	0.67012
1.7316	0.6708
1.7333	0.67149
1.7351	0.67217
1.7369	0.67286
1.7386	0.67355
1.7404	0.67423
1.7422	0.67492
1.744	0.67561
1.7457	0.6763
1.7475	0.67699
1.7493	0.67768
1.7511	0.67837
1.7529	0.67906
1.7546	0.67975
1.7564	0.68044
1.7582	0.68113
1.76	0.68183
1.7618	0.68252
1.7636	0.68321
1.7654	0.68391
1.7672	0.6846
1.769	0.68529
1.7708	0.68599
1.7725	0.68668
1.7743	0.68738
1.7761	0.68808
1.7779	0.68877
1.7797	0.68947
1.7815	0.69017
1.7833	0.69087
1.7852	0.69157
1.787	0.69227
1.7888	0.69297
1.7906	0.69367
1.7924	0.69437
1.7942	0.69507
1.796	0.69577
1.7978	0.69647
1.7996	0.69717
1.8014	0.69788
1.8033	0.69858
1.8051	0.69928
1.8069	0.69999
1.8087	0.70069
1.8105	0.7014
1.8124	0.70211
1.8142	0.70281
1.816	0.70352
1.8178	0.70423
1.8197	0.70493
1.8215	0.70564
1.8233	0.70635
1.8251	0.70706
1.827	0.70777
1.8288	0.70848
1.8306	0.70919
1.8325	0.7099
1.8343	0.71061
1.8361	0.71132
1.838	0.71203
1.8398	0.71275
1.8417	0.71346
1.8435	0.71417
1.8453	0.71489
1.8472	0.7156
1.849	0.71632
1.8509	0.71703
1.8527	0.71775
1.8546	0.71847
1.8564	0.71918
1.8583	0.7199
1.8601	0.72062
1.862	0.72134
1.8638	0.72205
1.8657	0.72277
1.8676	0.72349
1.8694	0.72421
1.8713	0.72493
1.8731	0.72566
1.875	0.72638
1.8769	0.7271
1.8787	0.72782
1.8806	0.72854
1.8825	0.72927
1.8843	0.72999
1.8862	0.73072
1.8881	0.73144
1.8899	0.73217
1.8918	0.73289
1.8937	0.73362
1.8956	0.73434
1.8974	0.73507
1.8993	0.7358
1.9012	0.73653
1.9031	0.73726
1.905	0.73799
1.9069	0.73871
1.9087	0.73944
1.9106	0.74017
1.9125	0.74091
1.9144	0.74164
1.9163	0.74237
1.9182	0.7431
1.9201	0.74383
1.922	0.74457
1.9239	0.7453
1.9257	0.74603
1.9276	0.74677
1.9295	0.7475
1.9314	0.74824
1.9333	0.74898
1.9352	0.74971
1.9371	0.75045
1.939	0.75119
1.941	0.75192
1.9429	0.75266
1.9448	0.7534
1.9467	0.75414
1.9486	0.75488
1.9505	0.75562
1.9524	0.75636
1.9543	0.7571
1.9562	0.75784
1.9581	0.75859
1.9601	0.75933
1.962	0.76007
1.9639	0.76081
1.9658	0.76156
1.9677	0.7623
1.9697	0.76305
1.9716	0.76379
1.9735	0.76454
1.9754	0.76528
1.9774	0.76603
1.9793	0.76678
1.9812	0.76753
1.9832	0.76827
1.9851	0.76902
1.987	0.76977
1.989	0.77052
1.9909	0.77127
1.9928	0.77202
1.9948	0.77277
1.9967	0.77352
1.9986	0.77428
2.0006	0.77503
2.0025	0.77578
2.0045	0.77653
2.0064	0.77729
2.0084	0.77804
2.0103	0.7788
2.0123	0.77955
2.0142	0.78031
2.0162	0.78106
2.0181	0.78182
2.0201	0.78258
2.022	0.78333
2.024	0.78409
2.0259	0.78485
2.0279	0.78561
2.0299	0.78637
2.0318	0.78713
2.0338	0.78789
2.0357	0.78865
2.0377	0.78941
2.0397	0.79017
2.0416	0.79093
2.0436	0.7917
2.0456	0.79246
2.0476	0.79322
2.0495	0.79399
2.0515	0.79475
2.0535	0.79552
2.0555	0.79628
2.0574	0.79705
2.0594	0.79781
2.0614	0.79858
2.0634	0.79935
2.0653	0.80012
2.0673	0.80088
2.0693	0.80165
2.0713	0.80242
2.0733	0.80319
2.0753	0.80396
2.0773	0.80473
2.0793	0.8055
2.0812	0.80627
2.0832	0.80705
2.0852	0.80782
2.0872	0.80859
2.0892	0.80937
2.0912	0.81014
2.0932	0.81091
2.0952	0.81169
2.0972	0.81246
2.0992	0.81324
2.1012	0.81402
2.1032	0.81479
2.1052	0.81557
2.1072	0.81635
2.1093	0.81712
2.1113	0.8179
2.1133	0.81868
2.1153	0.81946
2.1173	0.82024
2.1193	0.82102
2.1213	0.8218
2.1233	0.82258
2.1254	0.82337
2.1274	0.82415
2.1294	0.82493
2.1314	0.82571
2.1334	0.8265
2.1355	0.82728
2.1375	0.82807
2.1395	0.82885
2.1416	0.82964
2.1436	0.83042
2.1456	0.83121
2.1476	0.832
2.1497	0.83278
2.1517	0.83357
2.1537	0.83436
2.1558	0.83515
2.1578	0.83594
2.1599	0.83673
2.1619	0.83752
2.1639	0.83831
2.166	0.8391
2.168	0.83989
2.1701	0.84068
2.1721	0.84148
2.1742	0.84227
2.1762	0.84306
2.1783	0.84386
2.1803	0.84465
2.1824	0.84545
2.1844	0.84624
2.1865	0.84704
2.1885	0.84783
2.1906	0.84863
2.1926	0.84943
2.1947	0.85023
2.1968	0.85102
2.1988	0.85182
2.2009	0.85262
2.2029	0.85342
2.205	0.85422
2.2071	0.85502
2.2091	0.85582
2.2112	0.85662
2.2133	0.85743
2.2154	0.85823
2.2174	0.85903
2.2195	0.85983
2.2216	0.86064
2.2237	0.86144
2.2257	0.86225
2.2278	0.86305
2.2299	0.86386
2.232	0.86466
2.2341	0.86547
2.2361	0.86628
2.2382	0.86709
2.2403	0.86789
2.2424	0.8687
2.2445	0.86951
2.2466	0.87032
2.2487	0.87113
2.2508	0.87194
2.2528	0.87275
2.2549	0.87356
2.257	0.87438
2.2591	0.87519
2.2612	0.876
2.2633	0.87681
2.2654	0.87763
2.2675	0.87844
2.2696	0.87926
2.2717	0.88007
2.2738	0.88089
2.276	0.8817
2.2781	0.88252
2.2802	0.88334
2.2823	0.88415
2.2844	0.88497
2.2865	0.88579
2.2886	0.88661
2.2907	0.88743
2.2928	0.88825
2.295	0.88907
2.2971	0.88989
2.2992	0.89071
2.3013	0.89153
2.3034	0.89236
2.3056	0.89318
2.3077	0.894
2.3098	0.89482
2.3119	0.89565
2.3141	0.89647
2.3162	0.8973
2.3183	0.89812
2.3205	0.89895
2.3226	0.89978
2.3247	0.9006
2.3269	0.90143
2.329	0.90226
2.3311	0.90309
2.3333	0.90392
2.3354	0.90474
2.3376	0.90557
2.3397	0.9064
2.3419	0.90723
2.344	0.90807
2.3461	0.9089
2.3483	0.90973
2.3504	0.91056
2.3526	0.91139
2.3547	0.91223
2.3569	0.91306
2.3591	0.9139
2.3612	0.91473
2.3634	0.91557
2.3655	0.9164
2.3677	0.91724
2.3698	0.91808
2.372	0.91891
2.3742	0.91975
2.3763	0.92059
2.3785	0.92143
2.3807	0.92227
2.3828	0.92311
2.385	0.92395
2.3872	0.92479
2.3893	0.92563
2.3915	0.92647
2.3937	0.92731
2.3959	0.92815
2.398	0.929
2.4002	0.92984
2.4024	0.93068
2.4046	0.93153
2.4067	0.93237
2.4089	0.93322
2.4111	0.93406
2.4133	0.93491
2.4155	0.93576
2.4177	0.9366
2.4199	0.93745
2.422	0.9383
2.4242	0.93915
2.4264	0.94
2.4286	0.94085
2.4308	0.9417
2.433	0.94255
2.4352	0.9434
2.4374	0.94425
2.4396	0.9451
2.4418	0.94595
2.444	0.9468
2.4462	0.94766
2.4484	0.94851
2.4506	0.95
2.4528	0.95
2.455	0.95
2.4572	0.95
2.4594	0.95
2.4617	0.95
2.4639	0.95
2.4661	0.95
2.4683	0.95
2.4705	0.95
2.4727	0.95
2.4749	0.95
2.4772	0.95
2.4794	0.95
2.4816	0.95
2.4838	0.95
2.486	0.95
2.4883	0.95
2.4905	0.95
2.4927	0.95
2.495	0.95
2.4972	0.95
2.4994	0.95
2.5017	0.95
2.5039	0.95
2.5061	0.95
2.5084	0.95
2.5106	0.95
2.5128	0.95
2.5151	0.95
2.5173	0.95
2.5196	0.95
2.5218	0.95
2.524	0.95
2.5263	0.95
2.5285	0.95
2.5308	0.95
2.533	0.95
2.5353	0.95
2.5375	0.95
2.5398	0.95
2.542	0.95
2.5443	0.95
2.5466	0.95
2.5488	0.95
2.5511	0.95
2.5533	0.95
2.5556	0.95
2.5579	0.95
2.5601	0.95
2.5624	0.95
2.5647	0.95
2.5669	0.95
2.5692	0.95
2.5715	0.95
2.5737	0.95
2.576	0.95
2.5783	0.95
2.5806	0.95
2.5828	0.95
2.5851	0.95
2.5874	0.95
2.5897	0.95
2.592	0.95
2.5942	0.95
2.5965	0.95
2.5988	0.95
2.6011	0.95
2.6034	0.95
2.6057	0.95
2.608	0.95
2.6102	0.95
2.6125	0.95
2.6148	0.95
2.6171	0.95
2.6194	0.95
2.6217	0.95
2.624	0.95
2.6263	0.95
2.6286	0.95
2.6309	0.95
2.6332	0.95
2.6355	0.95
2.6378	0.95
2.6401	0.95
2.6424	0.95
2.6448	0.95
2.6471	0.95
2.6494	0.95
2.6517	0.95
2.654	0.95
2.6563	0.95
2.6586	0.95
2.6609	0.95
2.6633	0.95
2.6656	0.95
2.6679	0.95
2.6702	0.95
2.6726	0.95
2.6749	0.95
2.6772	0.95
2.6795	0.95
2.6819	0.95
2.6842	0.95
2.6865	0.95
2.6889	0.95
2.6912	0.95
2.6935	0.95
2.6959	0.95
2.6982	0.95
2.7005	0.95
2.7029	0.95
2.7052	0.95
2.7075	0.95
2.7099	0.95
2.7122	0.95
2.7146	0.95
2.7169	0.95
2.7193	0.95
2.7216	0.95
2.724	0.95
2.7263	0.95
2.7287	0.95
2.731	0.95
2.7334	0.95
2.7357	0.95
2.7381	0.95
2.7405	0.95
2.7428	0.95
2.7452	0.95
2.7475	0.95
2.7499	0.95
2.7523	0.95
2.7546	0.95
2.757	0.95
2.7594	0.95
2.7617	0.95
2.7641	0.95
2.7665	0.95
2.7689	0.95
2.7712	0.95
2.7736	0.95
2.776	0.95
2.7784	0.95
2.7807	0.95
2.7831	0.95
2.7855	0.95
2.7879	0.95
2.7903	0.95
2.7926	0.95
2.795	0.95
2.7974	0.95
2.7998	0.95
2.8022	0.95
2.8046	0.95
2.807	0.95
2.8094	0.95
2.8118	0.95
2.8142	0.95
2.8166	0.95
2.819	0.95
2.8214	0.95
2.8238	0.95
2.8262	0.95
2.8286	0.95
2.831	0.95
2.8334	0.95
2.8358	0.95
2.8382	0.95
2.8406	0.95
2.843	0.95
2.8454	0.95
2.8478	0.95
2.8502	0.95
2.8527	0.95
2.8551	0.95
2.8575	0.95
2.8599	0.95
2.8623	0.95
2.8648	0.95
2.8672	0.95
2.8696	0.95
2.872	0.95
2.8744	0.95
2.8769	0.95
2.8793	0.95
2.8817	0.95
2.8842	0.95
2.8866	0.95
2.889	0.95
2.8915	0.95
2.8939	0.95
2.8963	0.95
2.8988	0.95
2.9012	0.95
2.9036	0.95
2.9061	0.95
2.9085	0.95
2.911	0.95
2.9134	0.95
2.9159	0.95
2.9183	0.95
2.9208	0.95
2.9232	0.95
2.9257	0.95
2.9281	0.95
2.9306	0.95
2.933	0.95
2.9355	0.95
2.9379	0.95
2.9404	0.95
2.9429	0.95
2.9453	0.95
2.9478	0.95
2.9502	0.95
2.9527	0.95
2.9552	0.95
2.9576	0.95
2.9601	0.95
2.9626	0.95
2.965	0.95
2.9675	0.95
2.97	0.95
2.9725	0.95
2.9749	0.95
2.9774	0.95
2.9799	0.95
2.9824	0.95
2.9848	0.95
2.9873	0.95
2.9898	0.95
2.9923	0.95
2.9948	0.95
2.9973	0.95
2.9997	0.95
3.0022	0.95
3.0047	0.95
3.0072	0.95
3.0097	0.95
3.0122	0.95
3.0147	0.95
3.0172	0.95
3.0197	0.95
3.0222	0.95
3.0247	0.95
3.0272	0.95
3.0297	0.95
3.0322	0.95
3.0347	0.95
3.0372	0.95
3.0397	0.95
3.0422	0.95
3.0447	0.95
3.0472	0.95
3.0497	0.95
3.0522	0.95
3.0548	0.95
3.0573	0.95
3.0598	0.95
3.0623	0.95
3.0648	0.95
3.0673	0.95
3.0699	0.95
3.0724	0.95
3.0749	0.95
3.0774	0.95
3.0799	0.95
3.0825	0.95
3.085	0.95
3.0875	0.95
3.0901	0.95
3.0926	0.95
3.0951	0.95
3.0977	0.95
3.1002	0.95
3.1027	0.95
3.1053	0.95
3.1078	0.95
3.1103	0.95
3.1129	0.95
3.1154	0.95
3.118	0.95
3.1205	0.95
3.123	0.95
3.1256	0.95
3.1281	0.95
3.1307	0.95
3.1332	0.95
3.1358	0.95
3.1383	0.95
3.1409	0.95
3.1434	0.95
3.146	0.95
3.1486	0.95
3.1511	0.95
3.1537	0.95
3.1562	0.95
3.1588	0.95
3.1614	0.95
3.1639	0.95
3.1665	0.95
3.1691	0.95
3.1716	0.95
3.1742	0.95
3.1768	0.95
3.1793	0.95
3.1819	0.95
3.1845	0.95
3.1871	0.95
3.1896	0.95
3.1922	0.95
3.1948	0.95
3.1974	0.95
3.1999	0.95
3.2025	0.95
3.2051	0.95
3.2077	0.95
3.2103	0.95
3.2129	0.95
3.2154	0.95
3.218	0.95
3.2206	0.95
3.2232	0.95
3.2258	0.95
3.2284	0.95
3.231	0.95
3.2336	0.95
3.2362	0.95
3.2388	0.95
3.2414	0.95
3.244	0.95
3.2466	0.95
3.2492	0.95
3.2518	0.95
3.2544	0.95
3.257	0.95
3.2596	0.95
3.2622	0.95
3.2648	0.95
3.2674	0.95
3.2701	0.95
3.2727	0.95
3.2753	0.95
3.2779	0.95
3.2805	0.95
3.2831	0.95
3.2858	0.95
3.2884	0.95
3.291	0.95
3.2936	0.95
3.2962	0.95
3.2989	0.95
3.3015	0.95
3.3041	0.95
3.3067	0.95
3.3094	0.95
3.312	0.95
3.3146	0.95
3.3173	0.95
3.3199	0.95
3.3225	0.95
3.3252	0.95
3.3278	0.95
3.3305	0.95
3.3331	0.95
3.3357	0.95
3.3384	0.95
3.341	0.95
3.3437	0.95
3.3463	0.95
3.349	0.95
3.3516	0.95
3.3543	0.95
3.3569	0.95
3.3596	0.95
3.3622	0.95
3.3649	0.95
3.3675	0.95
3.3702	0.95
3.3728	0.95
3.3755	0.95
3.3782	0.95
3.3808	0.95
3.3835	0.95
3.3861	0.95
3.3888	0.95
3.3915	0.95
3.3941	0.95
3.3968	0.95
3.3995	0.95
3.4021	0.95
3.4048	0.95
3.4075	0.95
3.4102	0.95
3.4128	0.95
3.4155	0.95
3.4182	0.95
3.4209	0.95
3.4236	0.95
3.4262	0.95
3.4289	0.95
3.4316	0.95
3.4343	0.95
3.437	0.95
3.4397	0.95
3.4423	0.95
3.445	0.95
3.4477	0.95
3.4504	0.95
3.4531	0.95
3.4558	0.95
3.4585	0.95
3.4612	0.95
3.4639	0.95
3.4666	0.95
3.4693	0.95
3.472	0.95
3.4747	0.95
3.4774	0.95
3.4801	0.95
3.4828	0.95
3.4855	0.95
3.4882	0.95
3.4909	0.95
3.4936	0.95
3.4963	0.95
3.4991	0.95
3.5018	0.95
3.5045	0.95
3.5072	0.95
3.5099	0.95
3.5126	0.95
3.5154	0.95
3.5181	0.95
3.5208	0.95
3.5235	0.95
3.5262	0.95
3.529	0.95
3.5317	0.95
3.5344	0.95
3.5371	0.95
3.5399	0.95
3.5426	0.95
3.5453	0.95
3.5481	0.95
3.5508	0.95
3.5535	0.95
3.5563	0.95
3.559	0.95
3.5617	0.95
3.5645	0.95
3.5672	0.95
3.57	0.95
3.5727	0.95
3.5755	0.95
3.5782	0.95
3.581	0.95
3.5837	0.95
3.5864	0.95
3.5892	0.95
3.5919	0.95
3.5947	0.95
3.5975	0.95
3.6002	0.95
3.603	0.95
3.6057	0.95
3.6085	0.95
3.6112	0.95
3.614	0.95
3.6168	0.95
3.6195	0.95
3.6223	0.95
3.6251	0.95
3.6278	0.95
3.6306	0.95
3.6334	0.95
3.6361	0.95
3.6389	0.95
3.6417	0.95
3.6444	0.95
3.6472	0.95
3.65	0.95
3.6528	0.95
3.6555	0.95
3.6583	0.95
3.6611	0.95
3.6639	0.95
3.6667	0.95
3.6694	0.95
3.6722	0.95
3.675	0.95
3.6778	0.95
3.6806	0.95
3.6834	0.95
3.6862	0.95
3.689	0.95
3.6918	0.95
3.6945	0.95
3.6973	0.95
3.7001	0.95
3.7029	0.95
3.7057	0.95
3.7085	0.95
3.7113	0.95
3.7141	0.95
3.7169	0.95
3.7197	0.95
3.7225	0.95
3.7253	0.95
3.7282	0.95
3.731	0.95
3.7338	0.95
3.7366	0.95
3.7394	0.95
3.7422	0.95
3.745	0.95
3.7478	0.95
3.7506	0.95
3.7535	0.95
3.7563	0.95
3.7591	0.95
3.7619	0.95
3.7647	0.95
3.7676	0.95
3.7704	0.95
3.7732	0.95
3.776	0.95
3.7789	0.95
3.7817	0.95
3.7845	0.95
3.7874	0.95
3.7902	0.95
3.793	0.95
3.7959	0.95
3.7987	0.95
3.8015	0.95
3.8044	0.95
3.8072	0.95
3.81	0.95
3.8129	0.95
3.8157	0.95
3.8186	0.95
3.8214	0.95
3.8243	0.95
3.8271	0.95
3.83	0.95
3.8328	0.95
3.8357	0.95
3.8385	0.95
3.8414	0.95
3.8442	0.95
3.8471	0.95
3.8499	0.95
3.8528	0.95
3.8556	0.95
3.8585	0.95
3.8614	0.95
3.8642	0.95
3.8671	0.95
3.8699	0.95
3.8728	0.95
3.8757	0.95
3.8785	0.95
3.8814	0.95
3.8843	0.95
3.8871	0.95
3.89	0.95
3.8929	0.95
3.8958	0.95
3.8986	0.95
3.9015	0.95
3.9044	0.95
3.9073	0.95
3.9101	0.95
3.913	0.95
3.9159	0.95
3.9188	0.95
3.9217	0.95
