0.0021558	0.00083516
0.0021626	0.00083778
0.0021694	0.00084042
0.0021762	0.00084307
0.0021831	0.00084572
0.0021899	0.00084838
0.0021968	0.00085105
0.0022037	0.00085373
0.0022107	0.00085642
0.0022176	0.00085911
0.0022246	0.00086182
0.0022316	0.00086453
0.0022387	0.00086726
0.0022457	0.00086999
0.0022528	0.00087273
0.0022599	0.00087548
0.002267	0.00087824
0.0022741	0.000881
0.0022813	0.00088378
0.0022885	0.00088657
0.0022957	0.00088936
0.0023029	0.00089216
0.0023102	0.00089497
0.0023175	0.00089779
0.0023248	0.00090062
0.0023321	0.00090346
0.0023395	0.00090631
0.0023468	0.00090917
0.0023542	0.00091203
0.0023617	0.00091491
0.0023691	0.00091779
0.0023766	0.00092069
0.0023841	0.00092359
0.0023916	0.0009265
0.0023991	0.00092942
0.0024067	0.00093235
0.0024143	0.00093529
0.0024219	0.00093824
0.0024295	0.0009412
0.0024372	0.00094417
0.0024449	0.00094715
0.0024526	0.00095013
0.0024603	0.00095313
0.0024681	0.00095613
0.0024759	0.00095915
0.0024837	0.00096217
0.0024915	0.00096521
0.0024994	0.00096825
0.0025072	0.0009713
0.0025151	0.00097437
0.0025231	0.00097744
0.002531	0.00098052
0.002539	0.00098361
0.002547	0.00098671
0.002555	0.00098982
0.0025631	0.00099294
0.0025712	0.00099607
0.0025793	0.00099921
0.0025874	0.0010024
0.0025956	0.0010055
0.0026037	0.0010087
0.0026119	0.0010119
0.0026202	0.0010151
0.0026284	0.0010183
0.0026367	0.0010215
0.002645	0.0010247
0.0026533	0.0010279
0.0026617	0.0010311
0.0026701	0.0010344
0.0026785	0.0010376
0.0026869	0.0010409
0.0026954	0.0010442
0.0027039	0.0010475
0.0027124	0.0010508
0.0027209	0.0010541
0.0027295	0.0010574
0.0027381	0.0010607
0.0027467	0.0010641
0.0027554	0.0010674
0.002764	0.0010708
0.0027727	0.0010742
0.0027814	0.0010775
0.0027902	0.0010809
0.002799	0.0010843
0.0028078	0.0010877
0.0028166	0.0010912
0.0028255	0.0010946
0.0028344	0.001098
0.0028433	0.0011015
0.0028522	0.0011049
0.0028612	0.0011084
0.0028702	0.0011119
0.0028792	0.0011154
0.0028882	0.0011189
0.0028973	0.0011224
0.0029064	0.0011259
0.0029155	0.0011295
0.0029247	0.001133
0.0029339	0.0011366
0.0029431	0.0011402
0.0029523	0.0011437
0.0029616	0.0011473
0.0029709	0.0011509
0.0029802	0.0011545
0.0029896	0.0011582
0.0029989	0.0011618
0.0030083	0.0011654
0.0030178	0.0011691
0.0030272	0.0011728
0.0030367	0.0011764
0.0030463	0.0011801
0.0030558	0.0011838
0.0030654	0.0011875
0.003075	0.0011913
0.0030846	0.001195
0.0030943	0.0011987
0.003104	0.0012025
0.0031137	0.0012062
0.0031234	0.00121
0.0031332	0.0012138
0.003143	0.0012176
0.0031529	0.0012214
0.0031627	0.0012252
0.0031726	0.0012291
0.0031826	0.0012329
0.0031925	0.0012368
0.0032025	0.0012406
0.0032125	0.0012445
0.0032225	0.0012484
0.0032326	0.0012523
0.0032427	0.0012562
0.0032528	0.0012602
0.003263	0.0012641
0.0032732	0.001268
0.0032834	0.001272
0.0032937	0.001276
0.0033039	0.0012799
0.0033143	0.0012839
0.0033246	0.0012879
0.003335	0.001292
0.0033454	0.001296
0.0033558	0.0013
0.0033663	0.0013041
0.0033768	0.0013082
0.0033873	0.0013122
0.0033978	0.0013163
0.0034084	0.0013204
0.003419	0.0013245
0.0034297	0.0013287
0.0034404	0.0013328
0.0034511	0.0013369
0.0034618	0.0013411
0.0034726	0.0013453
0.0034834	0.0013495
0.0034942	0.0013537
0.0035051	0.0013579
0.003516	0.0013621
0.0035269	0.0013663
0.0035379	0.0013706
0.0035489	0.0013748
0.0035599	0.0013791
0.0035709	0.0013834
0.003582	0.0013877
0.0035931	0.001392
0.0036043	0.0013963
0.0036155	0.0014006
0.0036267	0.001405
0.0036379	0.0014093
0.0036492	0.0014137
0.0036605	0.0014181
0.0036719	0.0014225
0.0036833	0.0014269
0.0036947	0.0014313
0.0037061	0.0014357
0.0037176	0.0014402
0.0037291	0.0014446
0.0037406	0.0014491
0.0037522	0.0014536
0.0037638	0.0014581
0.0037755	0.0014626
0.0037871	0.0014671
0.0037988	0.0014717
0.0038106	0.0014762
0.0038224	0.0014808
0.0038342	0.0014854
0.003846	0.0014899
0.0038579	0.0014945
0.0038698	0.0014992
0.0038817	0.0015038
0.0038937	0.0015084
0.0039057	0.0015131
0.0039178	0.0015177
0.0039298	0.0015224
0.003942	0.0015271
0.0039541	0.0015318
0.0039663	0.0015365
0.0039785	0.0015413
0.0039908	0.001546
0.004003	0.0015508
0.0040154	0.0015556
0.0040277	0.0015603
0.0040401	0.0015651
0.0040525	0.00157
0.004065	0.0015748
0.0040775	0.0015796
0.00409	0.0015845
0.0041026	0.0015893
0.0041152	0.0015942
0.0041278	0.0015991
0.0041405	0.001604
0.0041532	0.001609
0.004166	0.0016139
0.0041787	0.0016188
0.0041916	0.0016238
0.0042044	0.0016288
0.0042173	0.0016338
0.0042302	0.0016388
0.0042432	0.0016438
0.0042562	0.0016488
0.0042692	0.0016539
0.0042823	0.001659
0.0042954	0.001664
0.0043085	0.0016691
0.0043217	0.0016742
0.0043349	0.0016793
0.0043482	0.0016845
0.0043615	0.0016896
0.0043748	0.0016948
0.0043882	0.0017
0.0044016	0.0017052
0.004415	0.0017104
0.0044285	0.0017156
0.004442	0.0017208
0.0044555	0.0017261
0.0044691	0.0017313
0.0044827	0.0017366
0.0044964	0.0017419
0.0045101	0.0017472
0.0045239	0.0017525
0.0045376	0.0017579
0.0045514	0.0017632
0.0045653	0.0017686
0.0045792	0.001774
0.0045931	0.0017794
0.0046071	0.0017848
0.0046211	0.0017902
0.0046351	0.0017957
0.0046492	0.0018011
0.0046633	0.0018066
0.0046775	0.0018121
0.0046917	0.0018176
0.004706	0.0018231
0.0047202	0.0018286
0.0047346	0.0018342
0.0047489	0.0018397
0.0047633	0.0018453
0.0047777	0.0018509
0.0047922	0.0018565
0.0048067	0.0018621
0.0048213	0.0018678
0.0048359	0.0018734
0.0048505	0.0018791
0.0048652	0.0018848
0.0048799	0.0018905
0.0048947	0.0018962
0.0049095	0.0019019
0.0049243	0.0019077
0.0049392	0.0019134
0.0049541	0.0019192
0.0049691	0.001925
0.0049841	0.0019308
0.0049991	0.0019367
0.0050142	0.0019425
0.0050293	0.0019484
0.0050445	0.0019542
0.0050597	0.0019601
0.0050749	0.001966
0.0050902	0.0019719
0.0051055	0.0019779
0.0051209	0.0019838
0.0051363	0.0019898
0.0051518	0.0019958
0.0051673	0.0020018
0.0051828	0.0020078
0.0051984	0.0020139
0.005214	0.0020199
0.0052297	0.002026
0.0052454	0.0020321
0.0052611	0.0020382
0.0052769	0.0020443
0.0052928	0.0020504
0.0053086	0.0020566
0.0053246	0.0020627
0.0053405	0.0020689
0.0053565	0.0020751
0.0053726	0.0020813
0.0053887	0.0020876
0.0054048	0.0020938
0.005421	0.0021001
0.0054372	0.0021064
0.0054535	0.0021127
0.0054698	0.002119
0.0054861	0.0021253
0.0055025	0.0021317
0.005519	0.002138
0.0055355	0.0021444
0.005552	0.0021508
0.0055686	0.0021573
0.0055852	0.0021637
0.0056018	0.0021702
0.0056185	0.0021766
0.0056353	0.0021831
0.0056521	0.0021896
0.0056689	0.0021961
0.0056858	0.0022027
0.0057027	0.0022092
0.0057197	0.0022158
0.0057367	0.0022224
0.0057538	0.002229
0.0057709	0.0022357
0.0057881	0.0022423
0.0058053	0.002249
0.0058225	0.0022557
0.0058398	0.0022624
0.0058572	0.0022691
0.0058746	0.0022758
0.005892	0.0022826
0.0059095	0.0022893
0.005927	0.0022961
0.0059446	0.0023029
0.0059622	0.0023098
0.0059799	0.0023166
0.0059976	0.0023235
0.0060153	0.0023303
0.0060331	0.0023372
0.006051	0.0023442
0.0060689	0.0023511
0.0060868	0.002358
0.0061048	0.002365
0.0061229	0.002372
0.006141	0.002379
0.0061591	0.002386
0.0061773	0.0023931
0.0061955	0.0024001
0.0062138	0.0024072
0.0062321	0.0024143
0.0062505	0.0024214
0.0062689	0.0024286
0.0062874	0.0024357
0.0063059	0.0024429
0.0063245	0.0024501
0.0063431	0.0024573
0.0063618	0.0024646
0.0063805	0.0024718
0.0063993	0.0024791
0.0064181	0.0024864
0.006437	0.0024937
0.0064559	0.002501
0.0064748	0.0025083
0.0064938	0.0025157
0.0065129	0.0025231
0.006532	0.0025305
0.0065512	0.0025379
0.0065704	0.0025454
0.0065897	0.0025528
0.006609	0.0025603
0.0066283	0.0025678
0.0066478	0.0025753
0.0066672	0.0025829
0.0066867	0.0025904
0.0067063	0.002598
0.0067259	0.0026056
0.0067456	0.0026132
0.0067653	0.0026209
0.0067851	0.0026285
0.0068049	0.0026362
0.0068248	0.0026439
0.0068447	0.0026516
0.0068647	0.0026594
0.0068847	0.0026671
0.0069048	0.0026749
0.0069249	0.0026827
0.0069451	0.0026905
0.0069653	0.0026984
0.0069856	0.0027062
0.007006	0.0027141
0.0070264	0.002722
0.0070468	0.0027299
0.0070673	0.0027379
0.0070879	0.0027458
0.0071085	0.0027538
0.0071291	0.0027618
0.0071498	0.0027698
0.0071706	0.0027779
0.0071914	0.002786
0.0072123	0.002794
0.0072332	0.0028021
0.0072542	0.0028103
0.0072752	0.0028184
0.0072963	0.0028266
0.0073174	0.0028348
0.0073386	0.002843
0.0073599	0.0028512
0.0073812	0.0028595
0.0074026	0.0028678
0.007424	0.002876
0.0074454	0.0028844
0.007467	0.0028927
0.0074885	0.0029011
0.0075102	0.0029094
0.0075319	0.0029178
0.0075536	0.0029263
0.0075754	0.0029347
0.0075973	0.0029432
0.0076192	0.0029517
0.0076411	0.0029602
0.0076632	0.0029687
0.0076852	0.0029773
0.0077074	0.0029858
0.0077296	0.0029944
0.0077518	0.0030031
0.0077741	0.0030117
0.0077965	0.0030204
0.0078189	0.003029
0.0078414	0.0030378
0.0078639	0.0030465
0.0078865	0.0030552
0.0079092	0.003064
0.0079319	0.0030728
0.0079546	0.0030816
0.0079774	0.0030905
0.0080003	0.0030993
0.0080233	0.0031082
0.0080463	0.0031171
0.0080693	0.003126
0.0080924	0.003135
0.0081156	0.003144
0.0081388	0.003153
0.0081621	0.003162
0.0081854	0.003171
0.0082088	0.0031801
0.0082323	0.0031892
0.0082558	0.0031983
0.0082794	0.0032074
0.0083031	0.0032166
0.0083268	0.0032258
0.0083505	0.003235
0.0083743	0.0032442
0.0083982	0.0032535
0.0084222	0.0032627
0.0084462	0.003272
0.0084702	0.0032814
0.0084943	0.0032907
0.0085185	0.0033001
0.0085428	0.0033095
0.0085671	0.0033189
0.0085914	0.0033283
0.0086158	0.0033378
0.0086403	0.0033473
0.0086649	0.0033568
0.0086895	0.0033663
0.0087142	0.0033759
0.0087389	0.0033854
0.0087637	0.0033951
0.0087885	0.0034047
0.0088135	0.0034143
0.0088384	0.003424
0.0088635	0.0034337
0.0088886	0.0034434
0.0089137	0.0034532
0.008939	0.003463
0.0089643	0.0034728
0.0089896	0.0034826
0.009015	0.0034924
0.0090405	0.0035023
0.0090661	0.0035122
0.0090917	0.0035221
0.0091174	0.0035321
0.0091431	0.003542
0.0091689	0.003552
0.0091948	0.003562
0.0092207	0.0035721
0.0092467	0.0035822
0.0092727	0.0035923
0.0092989	0.0036024
0.009325	0.0036125
0.0093513	0.0036227
0.0093776	0.0036329
0.009404	0.0036431
0.0094304	0.0036533
0.0094569	0.0036636
0.0094835	0.0036739
0.0095102	0.0036842
0.0095369	0.0036946
0.0095636	0.003705
0.0095905	0.0037154
0.0096174	0.0037258
0.0096444	0.0037362
0.0096714	0.0037467
0.0096985	0.0037572
0.0097257	0.0037677
0.0097529	0.0037783
0.0097802	0.0037889
0.0098076	0.0037995
0.009835	0.0038101
0.0098625	0.0038208
0.0098901	0.0038314
0.0099178	0.0038421
0.0099455	0.0038529
0.0099733	0.0038636
0.010001	0.0038744
0.010029	0.0038852
0.010057	0.0038961
0.010085	0.0039069
0.010113	0.0039178
0.010141	0.0039288
0.01017	0.0039397
0.010198	0.0039507
0.010226	0.0039617
0.010255	0.0039727
0.010283	0.0039838
0.010312	0.0039948
0.010341	0.004006
0.010369	0.0040171
0.010398	0.0040283
0.010427	0.0040394
0.010456	0.0040507
0.010485	0.0040619
0.010514	0.0040732
0.010543	0.0040845
0.010573	0.0040958
0.010602	0.0041072
0.010631	0.0041185
0.010661	0.00413
0.01069	0.0041414
0.01072	0.0041529
0.010749	0.0041643
0.010779	0.0041759
0.010809	0.0041874
0.010839	0.004199
0.010869	0.0042106
0.010899	0.0042222
0.010929	0.0042339
0.010959	0.0042456
0.010989	0.0042573
0.01102	0.004269
0.01105	0.0042808
0.011081	0.0042926
0.011111	0.0043044
0.011142	0.0043163
0.011172	0.0043282
0.011203	0.0043401
0.011234	0.0043521
0.011265	0.004364
0.011296	0.004376
0.011327	0.0043881
0.011358	0.0044001
0.011389	0.0044122
0.011421	0.0044243
0.011452	0.0044365
0.011483	0.0044486
0.011515	0.0044609
0.011546	0.0044731
0.011578	0.0044854
0.01161	0.0044976
0.011642	0.00451
0.011674	0.0045223
0.011705	0.0045347
0.011738	0.0045471
0.01177	0.0045596
0.011802	0.004572
0.011834	0.0045845
0.011866	0.0045971
0.011899	0.0046096
0.011931	0.0046222
0.011964	0.0046348
0.011997	0.0046475
0.012029	0.0046602
0.012062	0.0046729
0.012095	0.0046856
0.012128	0.0046984
0.012161	0.0047112
0.012194	0.004724
0.012227	0.0047369
0.012261	0.0047498
0.012294	0.0047627
0.012327	0.0047757
0.012361	0.0047886
0.012395	0.0048017
0.012428	0.0048147
0.012462	0.0048278
0.012496	0.0048409
0.01253	0.004854
0.012564	0.0048672
0.012598	0.0048804
0.012632	0.0048936
0.012666	0.0049069
0.012701	0.0049202
0.012735	0.0049335
0.012769	0.0049469
0.012804	0.0049603
0.012839	0.0049737
0.012873	0.0049872
0.012908	0.0050006
0.012943	0.0050142
0.012978	0.0050277
0.013013	0.0050413
0.013048	0.0050549
0.013084	0.0050686
0.013119	0.0050822
0.013154	0.0050959
0.01319	0.0051097
0.013225	0.0051235
0.013261	0.0051373
0.013297	0.0051511
0.013332	0.005165
0.013368	0.0051789
0.013404	0.0051928
0.01344	0.0052068
0.013476	0.0052208
0.013513	0.0052348
0.013549	0.0052489
0.013585	0.005263
0.013622	0.0052771
0.013658	0.0052913
0.013695	0.0053055
0.013732	0.0053197
0.013769	0.005334
0.013806	0.0053483
0.013843	0.0053626
0.01388	0.005377
0.013917	0.0053914
0.013954	0.0054058
0.013991	0.0054203
0.014029	0.0054348
0.014066	0.0054493
0.014104	0.0054639
0.014142	0.0054785
0.014179	0.0054931
0.014217	0.0055078
0.014255	0.0055225
0.014293	0.0055372
0.014331	0.005552
0.01437	0.0055668
0.014408	0.0055817
0.014446	0.0055965
0.014485	0.0056114
0.014523	0.0056264
0.014562	0.0056414
0.014601	0.0056564
0.01464	0.0056714
0.014679	0.0056865
0.014718	0.0057016
0.014757	0.0057168
0.014796	0.005732
0.014835	0.0057472
0.014875	0.0057624
0.014914	0.0057777
0.014954	0.0057931
0.014993	0.0058084
0.015033	0.0058238
0.015073	0.0058393
0.015113	0.0058547
0.015153	0.0058702
0.015193	0.0058858
0.015233	0.0059014
0.015274	0.005917
0.015314	0.0059326
0.015354	0.0059483
0.015395	0.005964
0.015436	0.0059798
0.015476	0.0059956
0.015517	0.0060114
0.015558	0.0060273
0.015599	0.0060432
0.01564	0.0060591
0.015682	0.0060751
0.015723	0.0060911
0.015764	0.0061071
0.015806	0.0061232
0.015848	0.0061393
0.015889	0.0061555
0.015931	0.0061717
0.015973	0.0061879
0.016015	0.0062042
0.016057	0.0062205
0.016099	0.0062369
0.016142	0.0062532
0.016184	0.0062696
0.016226	0.0062861
0.016269	0.0063026
0.016312	0.0063191
0.016354	0.0063357
0.016397	0.0063523
0.01644	0.0063689
0.016483	0.0063856
0.016526	0.0064023
0.01657	0.0064191
0.016613	0.0064359
0.016656	0.0064527
0.0167	0.0064696
0.016744	0.0064865
0.016787	0.0065034
0.016831	0.0065204
0.016875	0.0065375
0.016919	0.0065545
0.016963	0.0065716
0.017008	0.0065888
0.017052	0.0066059
0.017096	0.0066232
0.017141	0.0066404
0.017186	0.0066577
0.01723	0.006675
0.017275	0.0066924
0.01732	0.0067098
0.017365	0.0067273
0.01741	0.0067448
0.017456	0.0067623
0.017501	0.0067799
0.017546	0.0067975
0.017592	0.0068151
0.017638	0.0068328
0.017683	0.0068505
0.017729	0.0068683
0.017775	0.0068861
0.017821	0.006904
0.017867	0.0069218
0.017914	0.0069398
0.01796	0.0069577
0.018007	0.0069757
0.018053	0.0069938
0.0181	0.0070119
0.018147	0.00703
0.018194	0.0070482
0.018241	0.0070664
0.018288	0.0070846
0.018335	0.0071029
0.018382	0.0071213
0.01843	0.0071396
0.018477	0.0071581
0.018525	0.0071765
0.018573	0.007195
0.01862	0.0072135
0.018668	0.0072321
0.018716	0.0072507
0.018765	0.0072694
0.018813	0.0072881
0.018861	0.0073069
0.01891	0.0073256
0.018958	0.0073445
0.019007	0.0073633
0.019056	0.0073822
0.019105	0.0074012
0.019154	0.0074202
0.019203	0.0074392
0.019252	0.0074583
0.019302	0.0074774
0.019351	0.0074966
0.019401	0.0075158
0.01945	0.0075351
0.0195	0.0075543
0.01955	0.0075737
0.0196	0.0075931
0.01965	0.0076125
0.0197	0.0076319
0.019751	0.0076515
0.019801	0.007671
0.019852	0.0076906
0.019902	0.0077102
0.019953	0.0077299
0.020004	0.0077496
0.020055	0.0077694
0.020106	0.0077892
0.020158	0.0078091
0.020209	0.007829
0.02026	0.0078489
0.020312	0.0078689
0.020364	0.0078889
0.020416	0.007909
0.020467	0.0079291
0.020519	0.0079492
0.020572	0.0079695
0.020624	0.0079897
0.020676	0.00801
0.020729	0.0080303
0.020781	0.0080507
0.020834	0.0080711
0.020887	0.0080916
0.02094	0.0081121
0.020993	0.0081327
0.021046	0.0081533
0.021099	0.0081739
0.021153	0.0081946
0.021206	0.0082154
0.02126	0.0082362
0.021314	0.008257
0.021368	0.0082779
0.021422	0.0082988
0.021476	0.0083198
0.02153	0.0083408
0.021584	0.0083618
0.021639	0.0083829
0.021694	0.0084041
0.021748	0.0084253
0.021803	0.0084465
0.021858	0.0084678
0.021913	0.0084891
0.021968	0.0085105
0.022024	0.0085319
0.022079	0.0085534
0.022135	0.0085749
0.02219	0.0085965
0.022246	0.0086181
0.022302	0.0086398
0.022358	0.0086615
0.022414	0.0086832
0.02247	0.008705
0.022527	0.0087269
0.022583	0.0087488
0.02264	0.0087707
0.022697	0.0087927
0.022754	0.0088148
0.022811	0.0088368
0.022868	0.008859
0.022925	0.0088811
0.022982	0.0089034
0.02304	0.0089257
0.023098	0.008948
0.023155	0.0089703
0.023213	0.0089928
0.023271	0.0090152
0.023329	0.0090377
0.023387	0.0090603
0.023446	0.0090829
0.023504	0.0091056
0.023563	0.0091283
0.023622	0.0091511
0.023681	0.0091739
0.02374	0.0091967
0.023799	0.0092196
0.023858	0.0092426
0.023917	0.0092656
0.023977	0.0092886
0.024036	0.0093117
0.024096	0.0093349
0.024156	0.0093581
0.024216	0.0093813
0.024276	0.0094046
0.024337	0.009428
0.024397	0.0094514
0.024457	0.0094748
0.024518	0.0094983
0.024579	0.0095219
0.02464	0.0095455
0.024701	0.0095691
0.024762	0.0095928
0.024823	0.0096166
0.024885	0.0096404
0.024946	0.0096642
0.025008	0.0096881
0.02507	0.0097121
0.025132	0.0097361
0.025194	0.0097601
0.025256	0.0097842
0.025319	0.0098084
0.025381	0.0098326
0.025444	0.0098569
0.025506	0.0098812
0.025569	0.0099055
0.025632	0.0099299
0.025695	0.0099544
0.025759	0.0099789
0.025822	0.010003
0.025886	0.010028
0.025949	0.010053
0.026013	0.010078
0.026077	0.010102
0.026141	0.010127
0.026205	0.010152
0.02627	0.010177
0.026334	0.010202
0.026399	0.010227
0.026464	0.010252
0.026529	0.010277
0.026594	0.010302
0.026659	0.010328
0.026724	0.010353
0.02679	0.010378
0.026855	0.010404
0.026921	0.010429
0.026987	0.010455
0.027053	0.01048
0.027119	0.010506
0.027185	0.010532
0.027252	0.010557
0.027318	0.010583
0.027385	0.010609
0.027452	0.010635
0.027519	0.010661
0.027586	0.010687
0.027653	0.010713
0.02772	0.010739
0.027788	0.010765
0.027856	0.010791
0.027923	0.010818
0.027991	0.010844
0.028059	0.01087
0.028128	0.010897
0.028196	0.010923
0.028265	0.01095
0.028333	0.010976
0.028402	0.011003
0.028471	0.01103
0.02854	0.011056
0.028609	0.011083
0.028679	0.01111
0.028748	0.011137
0.028818	0.011164
0.028888	0.011191
0.028958	0.011218
0.029028	0.011245
0.029098	0.011273
0.029168	0.0113
0.029239	0.011327
0.02931	0.011355
0.029381	0.011382
0.029452	0.01141
0.029523	0.011437
0.029594	0.011465
0.029665	0.011492
0.029737	0.01152
0.029809	0.011548
0.02988	0.011576
0.029953	0.011604
0.030025	0.011632
0.030097	0.01166
0.030169	0.011688
0.030242	0.011716
0.030315	0.011744
0.030388	0.011772
0.030461	0.0118
0.030534	0.011829
0.030607	0.011857
0.030681	0.011886
0.030754	0.011914
0.030828	0.011943
0.030902	0.011972
0.030976	0.012
0.031051	0.012029
0.031125	0.012058
0.0312	0.012087
0.031274	0.012116
0.031349	0.012145
0.031424	0.012174
0.031499	0.012203
0.031575	0.012232
0.03165	0.012261
0.031726	0.012291
0.031802	0.01232
0.031878	0.012349
0.031954	0.012379
0.03203	0.012408
0.032106	0.012438
0.032183	0.012468
0.03226	0.012497
0.032336	0.012527
0.032413	0.012557
0.032491	0.012587
0.032568	0.012617
0.032646	0.012647
0.032723	0.012677
0.032801	0.012707
0.032879	0.012737
0.032957	0.012768
0.033035	0.012798
0.033114	0.012828
0.033192	0.012859
0.033271	0.012889
0.03335	0.01292
0.033429	0.01295
0.033509	0.012981
0.033588	0.013012
0.033667	0.013043
0.033747	0.013074
0.033827	0.013105
0.033907	0.013136
0.033987	0.013167
0.034068	0.013198
0.034148	0.013229
0.034229	0.01326
0.03431	0.013292
0.034391	0.013323
0.034472	0.013354
0.034553	0.013386
0.034635	0.013418
0.034717	0.013449
0.034798	0.013481
0.03488	0.013513
0.034963	0.013545
0.035045	0.013576
0.035127	0.013608
0.03521	0.01364
0.035293	0.013672
0.035376	0.013705
0.035459	0.013737
0.035542	0.013769
0.035626	0.013801
0.03571	0.013834
0.035793	0.013866
0.035877	0.013899
0.035962	0.013931
0.036046	0.013964
0.03613	0.013997
0.036215	0.01403
0.0363	0.014063
0.036385	0.014095
0.03647	0.014128
0.036555	0.014162
0.036641	0.014195
0.036727	0.014228
0.036812	0.014261
0.036898	0.014294
0.036985	0.014328
0.037071	0.014361
0.037158	0.014395
0.037244	0.014428
0.037331	0.014462
0.037418	0.014496
0.037505	0.01453
0.037593	0.014563
0.03768	0.014597
0.037768	0.014631
0.037856	0.014665
0.037944	0.0147
0.038032	0.014734
0.038121	0.014768
0.038209	0.014802
0.038298	0.014837
0.038387	0.014871
0.038476	0.014906
0.038566	0.01494
0.038655	0.014975
0.038745	0.01501
0.038835	0.015045
0.038925	0.015079
0.039015	0.015114
0.039105	0.015149
0.039196	0.015184
0.039287	0.01522
0.039377	0.015255
0.039468	0.01529
0.03956	0.015325
0.039651	0.015361
0.039743	0.015396
0.039835	0.015432
0.039927	0.015468
0.040019	0.015503
0.040111	0.015539
0.040204	0.015575
0.040296	0.015611
0.040389	0.015647
0.040482	0.015683
0.040576	0.015719
0.040669	0.015755
0.040763	0.015791
0.040856	0.015828
0.04095	0.015864
0.041045	0.015901
0.041139	0.015937
0.041233	0.015974
0.041328	0.016011
0.041423	0.016047
0.041518	0.016084
0.041613	0.016121
0.041709	0.016158
0.041804	0.016195
0.0419	0.016232
0.041996	0.016269
0.042093	0.016307
0.042189	0.016344
0.042285	0.016381
0.042382	0.016419
0.042479	0.016456
0.042576	0.016494
0.042674	0.016532
0.042771	0.01657
0.042869	0.016607
0.042967	0.016645
0.043065	0.016683
0.043163	0.016721
0.043261	0.01676
0.04336	0.016798
0.043459	0.016836
0.043558	0.016874
0.043657	0.016913
0.043757	0.016951
0.043856	0.01699
0.043956	0.017029
0.044056	0.017067
0.044156	0.017106
0.044257	0.017145
0.044357	0.017184
0.044458	0.017223
0.044559	0.017262
0.04466	0.017301
0.044761	0.017341
0.044863	0.01738
0.044965	0.017419
0.045066	0.017459
0.045169	0.017498
0.045271	0.017538
0.045373	0.017578
0.045476	0.017617
0.045579	0.017657
0.045682	0.017697
0.045785	0.017737
0.045889	0.017777
0.045993	0.017818
0.046096	0.017858
0.0462	0.017898
0.046305	0.017938
0.046409	0.017979
0.046514	0.018019
0.046619	0.01806
0.046724	0.018101
0.046829	0.018142
0.046935	0.018182
0.04704	0.018223
0.047146	0.018264
0.047252	0.018306
0.047359	0.018347
0.047465	0.018388
0.047572	0.018429
0.047679	0.018471
0.047786	0.018512
0.047893	0.018554
0.048	0.018595
0.048108	0.018637
0.048216	0.018679
0.048324	0.018721
0.048433	0.018763
0.048541	0.018805
0.04865	0.018847
0.048759	0.018889
0.048868	0.018931
0.048977	0.018974
0.049087	0.019016
0.049196	0.019059
0.049306	0.019101
0.049417	0.019144
0.049527	0.019187
0.049638	0.01923
0.049748	0.019272
0.049859	0.019315
0.049971	0.019359
0.050082	0.019402
0.050194	0.019445
0.050305	0.019488
0.050417	0.019532
0.05053	0.019575
0.050642	0.019619
0.050755	0.019662
0.050868	0.019706
0.050981	0.01975
0.051094	0.019794
0.051208	0.019838
0.051321	0.019882
0.051435	0.019926
0.051549	0.01997
0.051664	0.020015
0.051778	0.020059
0.051893	0.020103
0.052008	0.020148
0.052123	0.020193
0.052239	0.020237
0.052355	0.020282
0.05247	0.020327
0.052587	0.020372
0.052703	0.020417
0.052819	0.020462
0.052936	0.020507
0.053053	0.020553
0.05317	0.020598
0.053288	0.020644
0.053405	0.020689
0.053523	0.020735
0.053641	0.020781
0.053759	0.020826
0.053878	0.020872
0.053997	0.020918
0.054116	0.020964
0.054235	0.021011
0.054354	0.021057
0.054474	0.021103
0.054593	0.021149
0.054713	0.021196
0.054834	0.021243
0.054954	0.021289
0.055075	0.021336
0.055196	0.021383
0.055317	0.02143
0.055438	0.021477
0.05556	0.021524
0.055682	0.021571
0.055804	0.021618
0.055926	0.021666
0.056048	0.021713
0.056171	0.021761
0.056294	0.021808
0.056417	0.021856
0.056541	0.021904
0.056664	0.021952
0.056788	0.022
0.056912	0.022048
0.057036	0.022096
0.057161	0.022144
0.057286	0.022193
0.057411	0.022241
0.057536	0.022289
0.057661	0.022338
0.057787	0.022387
0.057913	0.022435
0.058039	0.022484
0.058165	0.022533
0.058292	0.022582
0.058419	0.022631
0.058546	0.022681
0.058673	0.02273
0.058801	0.022779
0.058928	0.022829
0.059056	0.022878
0.059185	0.022928
0.059313	0.022978
0.059442	0.023028
0.059571	0.023078
0.0597	0.023128
0.059829	0.023178
0.059959	0.023228
0.060089	0.023278
0.060219	0.023329
0.060349	0.023379
0.06048	0.02343
0.06061	0.02348
0.060741	0.023531
0.060873	0.023582
0.061004	0.023633
0.061136	0.023684
0.061268	0.023735
0.0614	0.023786
0.061533	0.023838
0.061665	0.023889
0.061798	0.023941
0.061932	0.023992
0.062065	0.024044
0.062199	0.024096
0.062333	0.024148
0.062467	0.0242
0.062601	0.024252
0.062736	0.024304
0.062871	0.024356
0.063006	0.024408
0.063141	0.024461
0.063277	0.024513
0.063412	0.024566
0.063549	0.024619
0.063685	0.024672
0.063821	0.024724
0.063958	0.024777
0.064095	0.024831
0.064233	0.024884
0.06437	0.024937
0.064508	0.02499
0.064646	0.025044
0.064784	0.025097
0.064923	0.025151
0.065062	0.025205
0.065201	0.025259
0.06534	0.025313
0.06548	0.025367
0.065619	0.025421
0.065759	0.025475
0.0659	0.02553
0.06604	0.025584
0.066181	0.025639
0.066322	0.025693
0.066463	0.025748
0.066605	0.025803
0.066747	0.025858
0.066889	0.025913
0.067031	0.025968
0.067174	0.026023
0.067316	0.026078
0.067459	0.026134
0.067603	0.026189
0.067746	0.026245
0.06789	0.026301
0.068034	0.026356
0.068178	0.026412
0.068323	0.026468
0.068468	0.026524
0.068613	0.026581
0.068758	0.026637
0.068904	0.026693
0.06905	0.02675
0.069196	0.026807
0.069342	0.026863
0.069489	0.02692
0.069636	0.026977
0.069783	0.027034
0.06993	0.027091
0.070078	0.027148
0.070226	0.027206
0.070374	0.027263
0.070523	0.02732
0.070671	0.027378
0.07082	0.027436
0.07097	0.027494
0.071119	0.027552
0.071269	0.02761
0.071419	0.027668
0.071569	0.027726
0.07172	0.027784
0.071871	0.027843
0.072022	0.027901
0.072173	0.02796
0.072325	0.028019
0.072476	0.028077
0.072629	0.028136
0.072781	0.028195
0.072934	0.028255
0.073087	0.028314
0.07324	0.028373
0.073393	0.028433
0.073547	0.028492
0.073701	0.028552
0.073855	0.028612
0.07401	0.028671
0.074165	0.028731
0.07432	0.028792
0.074475	0.028852
0.074631	0.028912
0.074787	0.028972
0.074943	0.029033
0.075099	0.029093
0.075256	0.029154
0.075413	0.029215
0.07557	0.029276
0.075728	0.029337
0.075886	0.029398
0.076044	0.029459
0.076202	0.029521
0.076361	0.029582
0.07652	0.029644
0.076679	0.029705
0.076838	0.029767
0.076998	0.029829
0.077158	0.029891
0.077318	0.029953
0.077479	0.030015
0.07764	0.030078
0.077801	0.03014
0.077962	0.030203
0.078124	0.030265
0.078286	0.030328
0.078448	0.030391
0.07861	0.030454
0.078773	0.030517
0.078936	0.03058
0.0791	0.030643
0.079263	0.030707
0.079427	0.03077
0.079591	0.030834
0.079756	0.030897
0.07992	0.030961
0.080086	0.031025
0.080251	0.031089
0.080416	0.031153
0.080582	0.031218
0.080748	0.031282
0.080915	0.031346
0.081082	0.031411
0.081249	0.031476
0.081416	0.031541
0.081584	0.031605
0.081751	0.03167
0.08192	0.031736
0.082088	0.031801
0.082257	0.031866
0.082426	0.031932
0.082595	0.031997
0.082765	0.032063
0.082935	0.032129
0.083105	0.032195
0.083275	0.032261
0.083446	0.032327
0.083617	0.032393
0.083788	0.03246
0.08396	0.032526
0.084132	0.032593
0.084304	0.032659
0.084477	0.032726
0.084649	0.032793
0.084822	0.03286
0.084996	0.032927
0.08517	0.032995
0.085344	0.033062
0.085518	0.03313
0.085692	0.033197
0.085867	0.033265
0.086042	0.033333
0.086218	0.033401
0.086394	0.033469
0.08657	0.033537
0.086746	0.033605
0.086923	0.033674
0.087099	0.033742
0.087277	0.033811
0.087454	0.03388
0.087632	0.033949
0.08781	0.034018
0.087989	0.034087
0.088167	0.034156
0.088346	0.034225
0.088526	0.034295
0.088705	0.034364
0.088885	0.034434
0.089065	0.034504
0.089246	0.034574
0.089427	0.034644
0.089608	0.034714
0.089789	0.034784
0.089971	0.034855
0.090153	0.034925
0.090335	0.034996
0.090518	0.035067
0.090701	0.035138
0.090884	0.035209
0.091068	0.03528
0.091252	0.035351
0.091436	0.035422
0.09162	0.035494
0.091805	0.035565
0.09199	0.035637
0.092176	0.035709
0.092361	0.035781
0.092548	0.035853
0.092734	0.035925
0.092921	0.035997
0.093107	0.03607
0.093295	0.036142
0.093482	0.036215
0.09367	0.036288
0.093858	0.036361
0.094047	0.036434
0.094236	0.036507
0.094425	0.03658
0.094614	0.036654
0.094804	0.036727
0.094994	0.036801
0.095185	0.036875
0.095375	0.036948
0.095566	0.037022
0.095758	0.037097
0.095949	0.037171
0.096141	0.037245
0.096334	0.03732
0.096526	0.037394
0.096719	0.037469
0.096912	0.037544
0.097106	0.037619
0.0973	0.037694
0.097494	0.037769
0.097689	0.037845
0.097883	0.03792
0.098079	0.037996
0.098274	0.038071
0.09847	0.038147
0.098666	0.038223
0.098862	0.038299
0.099059	0.038376
0.099256	0.038452
0.099454	0.038528
0.099651	0.038605
0.09985	0.038682
0.10005	0.038759
0.10025	0.038836
0.10045	0.038913
0.10064	0.03899
0.10084	0.039067
0.10104	0.039145
0.10125	0.039222
0.10145	0.0393
0.10165	0.039378
0.10185	0.039456
0.10205	0.039534
0.10225	0.039612
0.10245	0.039691
0.10266	0.039769
0.10286	0.039848
0.10306	0.039927
0.10327	0.040005
0.10347	0.040084
0.10367	0.040164
0.10388	0.040243
0.10408	0.040322
0.10429	0.040402
0.1045	0.040481
0.1047	0.040561
0.10491	0.040641
0.10511	0.040721
0.10532	0.040801
0.10553	0.040882
0.10574	0.040962
0.10594	0.041043
0.10615	0.041123
0.10636	0.041204
0.10657	0.041285
0.10678	0.041366
0.10699	0.041447
0.1072	0.041529
0.10741	0.04161
0.10762	0.041692
0.10783	0.041774
0.10804	0.041855
0.10825	0.041937
0.10847	0.04202
0.10868	0.042102
0.10889	0.042184
0.1091	0.042267
0.10932	0.042349
0.10953	0.042432
0.10974	0.042515
0.10996	0.042598
0.11017	0.042681
0.11039	0.042765
0.1106	0.042848
0.11082	0.042932
0.11104	0.043016
0.11125	0.043099
0.11147	0.043183
0.11169	0.043268
0.1119	0.043352
0.11212	0.043436
0.11234	0.043521
0.11256	0.043605
0.11278	0.04369
0.113	0.043775
0.11322	0.04386
0.11344	0.043945
0.11366	0.044031
0.11388	0.044116
0.1141	0.044202
0.11432	0.044288
0.11454	0.044374
0.11476	0.04446
0.11499	0.044546
0.11521	0.044632
0.11543	0.044718
0.11566	0.044805
0.11588	0.044892
0.1161	0.044979
0.11633	0.045066
0.11655	0.045153
0.11678	0.04524
0.117	0.045327
0.11723	0.045415
0.11746	0.045503
0.11768	0.04559
0.11791	0.045678
0.11814	0.045766
0.11837	0.045855
0.11859	0.045943
0.11882	0.046032
0.11905	0.04612
0.11928	0.046209
0.11951	0.046298
0.11974	0.046387
0.11997	0.046476
0.1202	0.046566
0.12043	0.046655
0.12066	0.046745
0.12089	0.046834
0.12113	0.046924
0.12136	0.047014
0.12159	0.047105
0.12182	0.047195
0.12206	0.047285
0.12229	0.047376
0.12253	0.047467
0.12276	0.047558
0.123	0.047649
0.12323	0.04774
0.12347	0.047831
0.1237	0.047923
0.12394	0.048014
0.12418	0.048106
0.12441	0.048198
0.12465	0.04829
0.12489	0.048382
0.12513	0.048475
0.12537	0.048567
0.12561	0.04866
0.12585	0.048752
0.12608	0.048845
0.12633	0.048938
0.12657	0.049032
0.12681	0.049125
0.12705	0.049218
0.12729	0.049312
0.12753	0.049406
0.12777	0.0495
0.12802	0.049594
0.12826	0.049688
0.1285	0.049782
0.12875	0.049877
0.12899	0.049971
0.12924	0.050066
0.12948	0.050161
0.12973	0.050256
0.12997	0.050352
0.13022	0.050447
0.13047	0.050542
0.13071	0.050638
0.13096	0.050734
0.13121	0.05083
0.13146	0.050926
0.1317	0.051022
0.13195	0.051119
0.1322	0.051215
0.13245	0.051312
0.1327	0.051409
0.13295	0.051506
0.1332	0.051603
0.13345	0.0517
0.13371	0.051798
0.13396	0.051895
0.13421	0.051993
0.13446	0.052091
0.13472	0.052189
0.13497	0.052287
0.13522	0.052386
0.13548	0.052484
0.13573	0.052583
0.13599	0.052682
0.13624	0.052781
0.1365	0.05288
0.13676	0.052979
0.13701	0.053078
0.13727	0.053178
0.13753	0.053278
0.13778	0.053378
0.13804	0.053478
0.1383	0.053578
0.13856	0.053678
0.13882	0.053779
0.13908	0.053879
0.13934	0.05398
0.1396	0.054081
0.13986	0.054182
0.14012	0.054283
0.14038	0.054385
0.14065	0.054486
0.14091	0.054588
0.14117	0.05469
0.14143	0.054792
0.1417	0.054894
0.14196	0.054996
0.14223	0.055099
0.14249	0.055202
0.14276	0.055304
0.14302	0.055407
0.14329	0.05551
0.14356	0.055614
0.14382	0.055717
0.14409	0.055821
0.14436	0.055924
0.14463	0.056028
0.14489	0.056132
0.14516	0.056236
0.14543	0.056341
0.1457	0.056445
0.14597	0.05655
0.14624	0.056655
0.14651	0.05676
0.14679	0.056865
0.14706	0.05697
0.14733	0.057076
0.1476	0.057181
0.14788	0.057287
0.14815	0.057393
0.14842	0.057499
0.1487	0.057605
0.14897	0.057712
0.14925	0.057818
0.14952	0.057925
0.1498	0.058032
0.15007	0.058139
0.15035	0.058246
0.15063	0.058354
0.15091	0.058461
0.15118	0.058569
0.15146	0.058677
0.15174	0.058785
0.15202	0.058893
0.1523	0.059001
0.15258	0.05911
0.15286	0.059218
0.15314	0.059327
0.15342	0.059436
0.1537	0.059545
0.15399	0.059654
0.15427	0.059764
0.15455	0.059874
0.15484	0.059983
0.15512	0.060093
0.1554	0.060203
0.15569	0.060314
0.15597	0.060424
0.15626	0.060535
0.15654	0.060645
0.15683	0.060756
0.15712	0.060868
0.15741	0.060979
0.15769	0.06109
0.15798	0.061202
0.15827	0.061314
0.15856	0.061425
0.15885	0.061538
0.15914	0.06165
0.15943	0.061762
0.15972	0.061875
0.16001	0.061987
0.1603	0.0621
0.16059	0.062213
0.16088	0.062327
0.16118	0.06244
0.16147	0.062554
0.16176	0.062667
0.16206	0.062781
0.16235	0.062895
0.16265	0.06301
0.16294	0.063124
0.16324	0.063239
0.16353	0.063353
0.16383	0.063468
0.16413	0.063583
0.16443	0.063699
0.16472	0.063814
0.16502	0.06393
0.16532	0.064045
0.16562	0.064161
0.16592	0.064277
0.16622	0.064394
0.16652	0.06451
0.16682	0.064627
0.16712	0.064743
0.16742	0.06486
0.16773	0.064978
0.16803	0.065095
0.16833	0.065212
0.16864	0.06533
0.16894	0.065448
0.16925	0.065566
0.16955	0.065684
0.16986	0.065802
0.17016	0.065921
0.17047	0.066039
0.17077	0.066158
0.17108	0.066277
0.17139	0.066396
0.1717	0.066516
0.17201	0.066635
0.17231	0.066755
0.17262	0.066875
0.17293	0.066995
0.17324	0.067115
0.17355	0.067235
0.17387	0.067356
0.17418	0.067476
0.17449	0.067597
0.1748	0.067718
0.17512	0.06784
0.17543	0.067961
0.17574	0.068083
0.17606	0.068204
0.17637	0.068326
0.17669	0.068449
0.177	0.068571
0.17732	0.068693
0.17764	0.068816
0.17795	0.068939
0.17827	0.069062
0.17859	0.069185
0.17891	0.069308
0.17923	0.069432
0.17954	0.069556
0.17986	0.069679
0.18018	0.069803
0.18051	0.069928
0.18083	0.070052
0.18115	0.070177
0.18147	0.070302
0.18179	0.070426
0.18212	0.070552
0.18244	0.070677
0.18276	0.070802
0.18309	0.070928
0.18341	0.071054
0.18374	0.07118
0.18406	0.071306
0.18439	0.071432
0.18472	0.071559
0.18504	0.071686
0.18537	0.071813
0.1857	0.07194
0.18603	0.072067
0.18636	0.072195
0.18669	0.072322
0.18702	0.07245
0.18735	0.072578
0.18768	0.072706
0.18801	0.072835
0.18834	0.072963
0.18867	0.073092
0.18901	0.073221
0.18934	0.07335
0.18967	0.073479
0.19001	0.073609
0.19034	0.073738
0.19068	0.073868
0.19101	0.073998
0.19135	0.074128
0.19168	0.074259
0.19202	0.074389
0.19236	0.07452
0.1927	0.074651
0.19304	0.074782
0.19337	0.074913
0.19371	0.075045
0.19405	0.075176
0.19439	0.075308
0.19473	0.07544
0.19508	0.075572
0.19542	0.075705
0.19576	0.075837
0.1961	0.07597
0.19645	0.076103
0.19679	0.076236
0.19713	0.07637
0.19748	0.076503
0.19782	0.076637
0.19817	0.076771
0.19852	0.076905
0.19886	0.077039
0.19921	0.077174
0.19956	0.077308
0.1999	0.077443
0.20025	0.077578
0.2006	0.077713
0.20095	0.077849
0.2013	0.077984
0.20165	0.07812
0.202	0.078256
0.20235	0.078392
0.20271	0.078528
0.20306	0.078665
0.20341	0.078802
0.20377	0.078939
0.20412	0.079076
0.20447	0.079213
0.20483	0.07935
0.20518	0.079488
0.20554	0.079626
0.2059	0.079764
0.20625	0.079902
0.20661	0.080041
0.20697	0.080179
0.20733	0.080318
0.20768	0.080457
0.20804	0.080596
0.2084	0.080736
0.20876	0.080875
0.20912	0.081015
0.20949	0.081155
0.20985	0.081295
0.21021	0.081435
0.21057	0.081576
0.21094	0.081717
0.2113	0.081858
0.21166	0.081999
0.21203	0.08214
0.21239	0.082282
0.21276	0.082423
0.21313	0.082565
0.21349	0.082707
0.21386	0.08285
0.21423	0.082992
0.2146	0.083135
0.21497	0.083278
0.21533	0.083421
0.2157	0.083564
0.21607	0.083707
0.21645	0.083851
0.21682	0.083995
0.21719	0.084139
0.21756	0.084283
0.21793	0.084428
0.21831	0.084572
0.21868	0.084717
0.21906	0.084862
0.21943	0.085007
0.21981	0.085153
0.22018	0.085298
0.22056	0.085444
0.22094	0.08559
0.22131	0.085736
0.22169	0.085883
0.22207	0.08603
0.22245	0.086176
0.22283	0.086323
0.22321	0.086471
0.22359	0.086618
0.22397	0.086766
0.22435	0.086913
0.22473	0.087061
0.22512	0.08721
0.2255	0.087358
0.22588	0.087507
0.22627	0.087655
0.22665	0.087804
0.22704	0.087954
0.22742	0.088103
0.22781	0.088253
0.22819	0.088403
0.22858	0.088553
0.22897	0.088703
0.22936	0.088853
0.22975	0.089004
0.23014	0.089155
0.23053	0.089306
0.23092	0.089457
0.23131	0.089608
0.2317	0.08976
0.23209	0.089912
0.23248	0.090064
0.23288	0.090216
0.23327	0.090369
0.23366	0.090521
0.23406	0.090674
0.23445	0.090827
0.23485	0.09098
0.23525	0.091134
0.23564	0.091288
0.23604	0.091441
0.23644	0.091596
0.23684	0.09175
0.23723	0.091904
0.23763	0.092059
0.23803	0.092214
0.23843	0.092369
0.23883	0.092524
0.23924	0.09268
0.23964	0.092836
0.24004	0.092992
0.24044	0.093148
0.24085	0.093304
0.24125	0.093461
0.24166	0.093618
0.24206	0.093775
0.24247	0.093932
0.24287	0.094089
0.24328	0.094247
0.24369	0.094405
0.2441	0.094563
0.2445	0.094721
0.24491	0.094879
0.24532	0.095038
0.24573	0.095197
0.24614	0.095356
0.24655	0.095515
0.24697	0.095675
0.24738	0.095834
0.24779	0.095994
0.2482	0.096154
0.24862	0.096315
0.24903	0.096475
0.24945	0.096636
0.24986	0.096797
0.25028	0.096958
0.2507	0.09712
0.25111	0.097281
0.25153	0.097443
0.25195	0.097605
0.25237	0.097767
0.25279	0.09793
0.25321	0.098093
0.25363	0.098255
0.25405	0.098419
0.25447	0.098582
0.25489	0.098745
0.25532	0.098909
0.25574	0.099073
0.25616	0.099237
0.25659	0.099402
0.25701	0.099566
0.25744	0.099731
0.25786	0.099896
0.25829	0.10006
0.25872	0.10023
0.25914	0.10039
0.25957	0.10056
0.26	0.10072
0.26043	0.10089
0.26086	0.10106
0.26129	0.10122
0.26172	0.10139
0.26215	0.10156
0.26259	0.10173
0.26302	0.10189
0.26345	0.10206
0.26389	0.10223
0.26432	0.1024
0.26475	0.10257
0.26519	0.10273
0.26563	0.1029
0.26606	0.10307
0.2665	0.10324
0.26694	0.10341
0.26738	0.10358
0.26781	0.10375
0.26825	0.10392
0.26869	0.10409
0.26913	0.10426
0.26958	0.10443
0.27002	0.1046
0.27046	0.10478
0.2709	0.10495
0.27135	0.10512
0.27179	0.10529
0.27223	0.10546
0.27268	0.10564
0.27313	0.10581
0.27357	0.10598
0.27402	0.10615
0.27447	0.10633
0.27491	0.1065
0.27536	0.10668
0.27581	0.10685
0.27626	0.10702
0.27671	0.1072
0.27716	0.10737
0.27761	0.10755
0.27807	0.10772
0.27852	0.1079
0.27897	0.10807
0.27943	0.10825
0.27988	0.10843
0.28034	0.1086
0.28079	0.10878
0.28125	0.10896
0.2817	0.10913
0.28216	0.10931
0.28262	0.10949
0.28308	0.10966
0.28354	0.10984
0.284	0.11002
0.28446	0.1102
0.28492	0.11038
0.28538	0.11056
0.28584	0.11073
0.2863	0.11091
0.28677	0.11109
0.28723	0.11127
0.28769	0.11145
0.28816	0.11163
0.28862	0.11181
0.28909	0.11199
0.28956	0.11217
0.29002	0.11236
0.29049	0.11254
0.29096	0.11272
0.29143	0.1129
0.2919	0.11308
0.29237	0.11326
0.29284	0.11345
0.29331	0.11363
0.29378	0.11381
0.29425	0.11399
0.29473	0.11418
0.2952	0.11436
0.29568	0.11454
0.29615	0.11473
0.29663	0.11491
0.2971	0.1151
0.29758	0.11528
0.29806	0.11547
0.29853	0.11565
0.29901	0.11584
0.29949	0.11602
0.29997	0.11621
0.30045	0.1164
0.30093	0.11658
0.30141	0.11677
0.3019	0.11695
0.30238	0.11714
0.30286	0.11733
0.30335	0.11752
0.30383	0.1177
0.30432	0.11789
0.3048	0.11808
0.30529	0.11827
0.30578	0.11846
0.30626	0.11865
0.30675	0.11884
0.30724	0.11902
0.30773	0.11921
0.30822	0.1194
0.30871	0.11959
0.3092	0.11978
0.30969	0.11997
0.31018	0.12017
0.31068	0.12036
0.31117	0.12055
0.31167	0.12074
0.31216	0.12093
0.31266	0.12112
0.31315	0.12132
0.31365	0.12151
0.31415	0.1217
0.31464	0.12189
0.31514	0.12209
0.31564	0.12228
0.31614	0.12247
0.31664	0.12267
0.31714	0.12286
0.31764	0.12306
0.31815	0.12325
0.31865	0.12344
0.31915	0.12364
0.31966	0.12383
0.32016	0.12403
0.32067	0.12423
0.32117	0.12442
0.32168	0.12462
0.32219	0.12481
0.32269	0.12501
0.3232	0.12521
0.32371	0.12541
0.32422	0.1256
0.32473	0.1258
0.32524	0.126
0.32575	0.1262
0.32627	0.1264
0.32678	0.12659
0.32729	0.12679
0.32781	0.12699
0.32832	0.12719
0.32884	0.12739
0.32935	0.12759
0.32987	0.12779
0.33039	0.12799
0.3309	0.12819
0.33142	0.12839
0.33194	0.12859
0.33246	0.1288
0.33298	0.129
0.3335	0.1292
0.33402	0.1294
0.33455	0.1296
0.33507	0.12981
0.33559	0.13001
0.33612	0.13021
0.33664	0.13041
0.33717	0.13062
0.33769	0.13082
0.33822	0.13103
0.33875	0.13123
0.33927	0.13143
0.3398	0.13164
0.34033	0.13184
0.34086	0.13205
0.34139	0.13226
0.34192	0.13246
0.34246	0.13267
0.34299	0.13287
0.34352	0.13308
0.34405	0.13329
0.34459	0.13349
0.34512	0.1337
0.34566	0.13391
0.3462	0.13412
0.34673	0.13432
0.34727	0.13453
0.34781	0.13474
0.34835	0.13495
0.34889	0.13516
0.34943	0.13537
0.34997	0.13558
0.35051	0.13579
0.35105	0.136
0.35159	0.13621
0.35214	0.13642
0.35268	0.13663
0.35323	0.13684
0.35377	0.13705
0.35432	0.13726
0.35486	0.13747
0.35541	0.13769
0.35596	0.1379
0.35651	0.13811
0.35706	0.13832
0.35761	0.13854
0.35816	0.13875
0.35871	0.13896
0.35926	0.13918
0.35981	0.13939
0.36037	0.13961
0.36092	0.13982
0.36147	0.14004
0.36203	0.14025
0.36259	0.14047
0.36314	0.14068
0.3637	0.1409
0.36426	0.14111
0.36482	0.14133
0.36537	0.14155
0.36593	0.14176
0.36649	0.14198
0.36706	0.1422
0.36762	0.14241
0.36818	0.14263
0.36874	0.14285
0.36931	0.14307
0.36987	0.14329
0.37044	0.14351
0.371	0.14373
0.37157	0.14395
0.37214	0.14417
0.3727	0.14439
0.37327	0.14461
0.37384	0.14483
0.37441	0.14505
0.37498	0.14527
0.37555	0.14549
0.37612	0.14571
0.3767	0.14593
0.37727	0.14615
0.37784	0.14638
0.37842	0.1466
0.37899	0.14682
0.37957	0.14704
0.38014	0.14727
0.38072	0.14749
0.3813	0.14772
0.38188	0.14794
0.38246	0.14816
0.38304	0.14839
0.38362	0.14861
0.3842	0.14884
0.38478	0.14906
0.38536	0.14929
0.38595	0.14952
0.38653	0.14974
0.38711	0.14997
0.3877	0.15019
0.38828	0.15042
0.38887	0.15065
0.38946	0.15088
0.39005	0.1511
0.39064	0.15133
0.39122	0.15156
0.39181	0.15179
0.39241	0.15202
0.393	0.15225
0.39359	0.15248
0.39418	0.15271
0.39477	0.15294
0.39537	0.15317
0.39596	0.1534
0.39656	0.15363
0.39715	0.15386
0.39775	0.15409
0.39835	0.15432
0.39895	0.15455
0.39955	0.15478
0.40015	0.15502
0.40075	0.15525
0.40135	0.15548
0.40195	0.15571
0.40255	0.15595
0.40315	0.15618
0.40376	0.15642
0.40436	0.15665
0.40497	0.15688
0.40557	0.15712
0.40618	0.15735
0.40679	0.15759
0.40739	0.15782
0.408	0.15806
0.40861	0.1583
0.40922	0.15853
0.40983	0.15877
0.41044	0.15901
0.41106	0.15924
0.41167	0.15948
0.41228	0.15972
0.4129	0.15996
0.41351	0.16019
0.41413	0.16043
0.41474	0.16067
0.41536	0.16091
0.41598	0.16115
0.4166	0.16139
0.41722	0.16163
0.41784	0.16187
0.41846	0.16211
0.41908	0.16235
0.4197	0.16259
0.42032	0.16283
0.42094	0.16307
0.42157	0.16332
0.42219	0.16356
0.42282	0.1638
0.42345	0.16404
0.42407	0.16429
0.4247	0.16453
0.42533	0.16477
0.42596	0.16502
0.42659	0.16526
0.42722	0.1655
0.42785	0.16575
0.42848	0.16599
0.42911	0.16624
0.42975	0.16648
0.43038	0.16673
0.43101	0.16697
0.43165	0.16722
0.43229	0.16747
0.43292	0.16771
0.43356	0.16796
0.4342	0.16821
0.43484	0.16846
0.43548	0.1687
0.43612	0.16895
0.43676	0.1692
0.4374	0.16945
0.43804	0.1697
0.43869	0.16995
0.43933	0.1702
0.43997	0.17045
0.44062	0.1707
0.44127	0.17095
0.44191	0.1712
0.44256	0.17145
0.44321	0.1717
0.44386	0.17195
0.44451	0.1722
0.44516	0.17245
0.44581	0.17271
0.44646	0.17296
0.44711	0.17321
0.44777	0.17346
0.44842	0.17372
0.44907	0.17397
0.44973	0.17423
0.45039	0.17448
0.45104	0.17473
0.4517	0.17499
0.45236	0.17524
0.45302	0.1755
0.45368	0.17576
0.45434	0.17601
0.455	0.17627
0.45566	0.17652
0.45633	0.17678
0.45699	0.17704
0.45765	0.17729
0.45832	0.17755
0.45898	0.17781
0.45965	0.17807
0.46032	0.17833
0.46099	0.17859
0.46165	0.17884
0.46232	0.1791
0.46299	0.17936
0.46366	0.17962
0.46434	0.17988
0.46501	0.18014
0.46568	0.18041
0.46636	0.18067
0.46703	0.18093
0.46771	0.18119
0.46838	0.18145
0.46906	0.18171
0.46974	0.18198
0.47041	0.18224
0.47109	0.1825
0.47177	0.18276
0.47245	0.18303
0.47313	0.18329
0.47382	0.18356
0.4745	0.18382
0.47518	0.18409
0.47587	0.18435
0.47655	0.18462
0.47724	0.18488
0.47792	0.18515
0.47861	0.18541
0.4793	0.18568
0.47999	0.18595
0.48068	0.18621
0.48137	0.18648
0.48206	0.18675
0.48275	0.18702
0.48344	0.18729
0.48414	0.18755
0.48483	0.18782
0.48552	0.18809
0.48622	0.18836
0.48692	0.18863
0.48761	0.1889
0.48831	0.18917
0.48901	0.18944
0.48971	0.18971
0.49041	0.18998
0.49111	0.19026
0.49181	0.19053
0.49251	0.1908
0.49321	0.19107
0.49392	0.19134
0.49462	0.19162
0.49533	0.19189
0.49603	0.19216
0.49674	0.19244
0.49745	0.19271
0.49816	0.19299
0.49887	0.19326
0.49958	0.19354
0.50029	0.19381
0.501	0.19409
0.50171	0.19436
0.50242	0.19464
0.50314	0.19491
0.50385	0.19519
0.50457	0.19547
0.50528	0.19575
0.506	0.19602
0.50672	0.1963
0.50743	0.19658
0.50815	0.19686
0.50887	0.19714
0.50959	0.19742
0.51031	0.1977
0.51104	0.19798
0.51176	0.19826
0.51248	0.19854
0.51321	0.19882
0.51393	0.1991
0.51466	0.19938
0.51538	0.19966
0.51611	0.19994
0.51684	0.20022
0.51757	0.20051
0.5183	0.20079
0.51903	0.20107
0.51976	0.20136
0.52049	0.20164
0.52123	0.20192
0.52196	0.20221
0.52269	0.20249
0.52343	0.20278
0.52416	0.20306
0.5249	0.20335
0.52564	0.20363
0.52638	0.20392
0.52712	0.2042
0.52786	0.20449
0.5286	0.20478
0.52934	0.20507
0.53008	0.20535
0.53082	0.20564
0.53157	0.20593
0.53231	0.20622
0.53306	0.20651
0.5338	0.2068
0.53455	0.20708
0.5353	0.20737
0.53605	0.20766
0.53679	0.20795
0.53754	0.20824
0.5383	0.20854
0.53905	0.20883
0.5398	0.20912
0.54055	0.20941
0.54131	0.2097
0.54206	0.20999
0.54282	0.21029
0.54357	0.21058
0.54433	0.21087
0.54509	0.21117
0.54585	0.21146
0.54661	0.21176
0.54737	0.21205
0.54813	0.21234
0.54889	0.21264
0.54965	0.21293
0.55041	0.21323
0.55118	0.21353
0.55194	0.21382
0.55271	0.21412
0.55348	0.21442
0.55424	0.21471
0.55501	0.21501
0.55578	0.21531
0.55655	0.21561
0.55732	0.21591
0.55809	0.2162
0.55886	0.2165
0.55964	0.2168
0.56041	0.2171
0.56119	0.2174
0.56196	0.2177
0.56274	0.218
0.56351	0.21831
0.56429	0.21861
0.56507	0.21891
0.56585	0.21921
0.56663	0.21951
0.56741	0.21981
0.56819	0.22012
0.56897	0.22042
0.56976	0.22072
0.57054	0.22103
0.57133	0.22133
0.57211	0.22164
0.5729	0.22194
0.57369	0.22225
0.57447	0.22255
0.57526	0.22286
0.57605	0.22316
0.57684	0.22347
0.57764	0.22378
0.57843	0.22408
0.57922	0.22439
0.58001	0.2247
0.58081	0.22501
0.5816	0.22531
0.5824	0.22562
0.5832	0.22593
0.584	0.22624
0.58479	0.22655
0.58559	0.22686
0.58639	0.22717
0.5872	0.22748
0.588	0.22779
0.5888	0.2281
0.5896	0.22841
0.59041	0.22872
0.59121	0.22904
0.59202	0.22935
0.59283	0.22966
0.59363	0.22997
0.59444	0.23029
0.59525	0.2306
0.59606	0.23091
0.59687	0.23123
0.59768	0.23154
0.5985	0.23186
0.59931	0.23217
0.60012	0.23249
0.60094	0.2328
0.60176	0.23312
0.60257	0.23344
0.60339	0.23375
0.60421	0.23407
0.60503	0.23439
0.60585	0.2347
0.60667	0.23502
0.60749	0.23534
0.60831	0.23566
0.60913	0.23598
0.60996	0.2363
0.61078	0.23662
0.61161	0.23694
0.61244	0.23726
0.61326	0.23758
0.61409	0.2379
0.61492	0.23822
0.61575	0.23854
0.61658	0.23886
0.61741	0.23919
0.61824	0.23951
0.61908	0.23983
0.61991	0.24015
0.62075	0.24048
0.62158	0.2408
0.62242	0.24113
0.62326	0.24145
0.62409	0.24177
0.62493	0.2421
0.62577	0.24242
0.62661	0.24275
0.62746	0.24308
0.6283	0.2434
0.62914	0.24373
0.62998	0.24406
0.63083	0.24438
0.63168	0.24471
0.63252	0.24504
0.63337	0.24537
0.63422	0.2457
0.63507	0.24602
0.63592	0.24635
0.63677	0.24668
0.63762	0.24701
0.63847	0.24734
0.63932	0.24767
0.64018	0.248
0.64103	0.24834
0.64189	0.24867
0.64275	0.249
0.6436	0.24933
0.64446	0.24966
0.64532	0.25
0.64618	0.25033
0.64704	0.25066
0.6479	0.251
0.64876	0.25133
0.64963	0.25167
0.65049	0.252
0.65136	0.25234
0.65222	0.25267
0.65309	0.25301
0.65396	0.25334
0.65483	0.25368
0.6557	0.25402
0.65657	0.25435
0.65744	0.25469
0.65831	0.25503
0.65918	0.25537
0.66005	0.25571
0.66093	0.25604
0.6618	0.25638
0.66268	0.25672
0.66356	0.25706
0.66443	0.2574
0.66531	0.25774
0.66619	0.25808
0.66707	0.25842
0.66795	0.25877
0.66884	0.25911
0.66972	0.25945
0.6706	0.25979
0.67149	0.26013
0.67237	0.26048
0.67326	0.26082
0.67415	0.26116
0.67503	0.26151
0.67592	0.26185
0.67681	0.2622
0.6777	0.26254
0.6786	0.26289
0.67949	0.26323
0.68038	0.26358
0.68128	0.26393
0.68217	0.26427
0.68307	0.26462
0.68396	0.26497
0.68486	0.26531
0.68576	0.26566
0.68666	0.26601
0.68756	0.26636
0.68846	0.26671
0.68936	0.26706
0.69026	0.26741
0.69117	0.26776
0.69207	0.26811
0.69298	0.26846
0.69388	0.26881
0.69479	0.26916
0.6957	0.26951
0.69661	0.26987
0.69752	0.27022
0.69843	0.27057
0.69934	0.27092
0.70025	0.27128
0.70116	0.27163
0.70208	0.27198
0.70299	0.27234
0.70391	0.27269
0.70482	0.27305
0.70574	0.2734
0.70666	0.27376
0.70758	0.27412
0.7085	0.27447
0.70942	0.27483
0.71034	0.27519
0.71126	0.27554
0.71219	0.2759
0.71311	0.27626
0.71404	0.27662
0.71496	0.27698
0.71589	0.27734
0.71682	0.2777
0.71775	0.27806
0.71868	0.27842
0.71961	0.27878
0.72054	0.27914
0.72147	0.2795
0.72241	0.27986
0.72334	0.28022
0.72427	0.28058
0.72521	0.28095
0.72615	0.28131
0.72709	0.28167
0.72802	0.28204
0.72896	0.2824
0.7299	0.28276
0.73084	0.28313
0.73179	0.28349
0.73273	0.28386
0.73367	0.28423
0.73462	0.28459
0.73556	0.28496
0.73651	0.28532
0.73746	0.28569
0.73841	0.28606
0.73935	0.28643
0.7403	0.28679
0.74126	0.28716
0.74221	0.28753
0.74316	0.2879
0.74411	0.28827
0.74507	0.28864
0.74602	0.28901
0.74698	0.28938
0.74794	0.28975
0.7489	0.29012
0.74985	0.29049
0.75081	0.29087
0.75177	0.29124
0.75274	0.29161
0.7537	0.29198
0.75466	0.29236
0.75563	0.29273
0.75659	0.2931
0.75756	0.29348
0.75852	0.29385
0.75949	0.29423
0.76046	0.2946
0.76143	0.29498
0.7624	0.29535
0.76337	0.29573
0.76434	0.29611
0.76532	0.29648
0.76629	0.29686
0.76727	0.29724
0.76824	0.29762
0.76922	0.298
0.7702	0.29837
0.77118	0.29875
0.77216	0.29913
0.77314	0.29951
0.77412	0.29989
0.7751	0.30027
0.77608	0.30065
0.77707	0.30104
0.77805	0.30142
0.77904	0.3018
0.78002	0.30218
0.78101	0.30256
0.782	0.30295
0.78299	0.30333
0.78398	0.30371
0.78497	0.3041
0.78596	0.30448
0.78696	0.30487
0.78795	0.30525
0.78895	0.30564
0.78994	0.30602
0.79094	0.30641
0.79194	0.3068
0.79293	0.30718
0.79393	0.30757
0.79493	0.30796
0.79594	0.30835
0.79694	0.30873
0.79794	0.30912
0.79894	0.30951
0.79995	0.3099
0.80096	0.31029
0.80196	0.31068
0.80297	0.31107
0.80398	0.31146
0.80499	0.31185
0.806	0.31224
0.80701	0.31264
0.80802	0.31303
0.80903	0.31342
0.81005	0.31381
0.81106	0.31421
0.81208	0.3146
0.8131	0.31499
0.81411	0.31539
0.81513	0.31578
0.81615	0.31618
0.81717	0.31657
0.81819	0.31697
0.81922	0.31736
0.82024	0.31776
0.82126	0.31816
0.82229	0.31855
0.82331	0.31895
0.82434	0.31935
0.82537	0.31975
0.8264	0.32015
0.82743	0.32055
0.82846	0.32094
0.82949	0.32134
0.83052	0.32174
0.83156	0.32214
0.83259	0.32255
0.83362	0.32295
0.83466	0.32335
0.8357	0.32375
0.83674	0.32415
0.83777	0.32455
0.83881	0.32496
0.83985	0.32536
0.8409	0.32576
0.84194	0.32617
0.84298	0.32657
0.84403	0.32698
0.84507	0.32738
0.84612	0.32779
0.84717	0.32819
0.84821	0.3286
0.84926	0.329
0.85031	0.32941
0.85136	0.32982
0.85242	0.33023
0.85347	0.33063
0.85452	0.33104
0.85558	0.33145
0.85663	0.33186
0.85769	0.33227
0.85875	0.33268
0.8598	0.33309
0.86086	0.3335
0.86192	0.33391
0.86299	0.33432
0.86405	0.33473
0.86511	0.33514
0.86617	0.33556
0.86724	0.33597
0.86831	0.33638
0.86937	0.33679
0.87044	0.33721
0.87151	0.33762
0.87258	0.33804
0.87365	0.33845
0.87472	0.33887
0.87579	0.33928
0.87687	0.3397
0.87794	0.34011
0.87902	0.34053
0.88009	0.34095
0.88117	0.34136
0.88225	0.34178
0.88333	0.3422
0.88441	0.34262
0.88549	0.34304
0.88657	0.34346
0.88765	0.34388
0.88874	0.3443
0.88982	0.34472
0.89091	0.34514
0.89199	0.34556
0.89308	0.34598
0.89417	0.3464
0.89526	0.34682
0.89635	0.34725
0.89744	0.34767
0.89853	0.34809
0.89962	0.34851
0.90072	0.34894
0.90181	0.34936
0.90291	0.34979
0.90401	0.35021
0.9051	0.35064
0.9062	0.35106
0.9073	0.35149
0.9084	0.35192
0.90951	0.35234
0.91061	0.35277
0.91171	0.3532
0.91282	0.35362
0.91392	0.35405
0.91503	0.35448
0.91614	0.35491
0.91724	0.35534
0.91835	0.35577
0.91946	0.3562
0.92057	0.35663
0.92169	0.35706
0.9228	0.35749
0.92391	0.35792
0.92503	0.35836
0.92614	0.35879
0.92726	0.35922
0.92838	0.35965
0.9295	0.36009
0.93062	0.36052
0.93174	0.36096
0.93286	0.36139
0.93398	0.36183
0.93511	0.36226
0.93623	0.3627
0.93736	0.36313
0.93848	0.36357
0.93961	0.36401
0.94074	0.36444
0.94187	0.36488
0.943	0.36532
0.94413	0.36576
0.94526	0.36619
0.9464	0.36663
0.94753	0.36707
0.94867	0.36751
0.9498	0.36795
0.95094	0.36839
0.95208	0.36883
0.95322	0.36928
0.95436	0.36972
0.9555	0.37016
0.95664	0.3706
0.95778	0.37104
0.95892	0.37149
0.96007	0.37193
0.96122	0.37237
0.96236	0.37282
0.96351	0.37326
0.96466	0.37371
0.96581	0.37415
0.96696	0.3746
0.96811	0.37505
0.96926	0.37549
0.97042	0.37594
0.97157	0.37639
0.97273	0.37683
0.97388	0.37728
0.97504	0.37773
0.9762	0.37818
0.97736	0.37863
0.97852	0.37908
0.97968	0.37953
0.98084	0.37998
0.982	0.38043
0.98317	0.38088
0.98433	0.38133
0.9855	0.38178
0.98667	0.38223
0.98783	0.38269
0.989	0.38314
0.99017	0.38359
0.99134	0.38405
0.99252	0.3845
0.99369	0.38496
0.99486	0.38541
0.99604	0.38586
0.99721	0.38632
0.99839	0.38678
0.99957	0.38723
1.0007	0.38769
1.0019	0.38815
1.0031	0.3886
1.0043	0.38906
1.0055	0.38952
1.0067	0.38998
1.0078	0.39044
1.009	0.3909
1.0102	0.39136
1.0114	0.39182
1.0126	0.39228
1.0138	0.39274
1.015	0.3932
1.0162	0.39366
1.0174	0.39412
1.0185	0.39458
1.0197	0.39505
1.0209	0.39551
1.0221	0.39597
1.0233	0.39644
1.0245	0.3969
1.0257	0.39737
1.0269	0.39783
1.0281	0.3983
1.0293	0.39876
1.0305	0.39923
1.0317	0.3997
1.0329	0.40016
1.0341	0.40063
1.0354	0.4011
1.0366	0.40157
1.0378	0.40203
1.039	0.4025
1.0402	0.40297
1.0414	0.40344
1.0426	0.40391
1.0438	0.40438
1.045	0.40485
1.0463	0.40532
1.0475	0.40579
1.0487	0.40627
1.0499	0.40674
1.0511	0.40721
1.0524	0.40768
1.0536	0.40816
1.0548	0.40863
1.056	0.40911
1.0573	0.40958
1.0585	0.41006
1.0597	0.41053
1.0609	0.41101
1.0622	0.41148
1.0634	0.41196
1.0646	0.41244
1.0659	0.41291
1.0671	0.41339
1.0683	0.41387
1.0696	0.41435
1.0708	0.41483
1.072	0.41531
1.0733	0.41579
1.0745	0.41627
1.0757	0.41675
1.077	0.41723
1.0782	0.41771
1.0795	0.41819
1.0807	0.41867
1.082	0.41915
1.0832	0.41964
1.0845	0.42012
1.0857	0.4206
1.087	0.42109
1.0882	0.42157
1.0895	0.42205
1.0907	0.42254
1.092	0.42302
1.0932	0.42351
1.0945	0.424
1.0957	0.42448
1.097	0.42497
1.0982	0.42546
1.0995	0.42595
1.1008	0.42643
1.102	0.42692
1.1033	0.42741
1.1045	0.4279
1.1058	0.42839
1.1071	0.42888
1.1083	0.42937
1.1096	0.42986
1.1109	0.43035
1.1121	0.43084
1.1134	0.43134
1.1147	0.43183
1.116	0.43232
1.1172	0.43281
1.1185	0.43331
1.1198	0.4338
1.1211	0.4343
1.1223	0.43479
1.1236	0.43529
1.1249	0.43578
1.1262	0.43628
1.1274	0.43677
1.1287	0.43727
1.13	0.43777
1.1313	0.43826
1.1326	0.43876
1.1339	0.43926
1.1352	0.43976
1.1364	0.44026
1.1377	0.44076
1.139	0.44126
1.1403	0.44176
1.1416	0.44226
1.1429	0.44276
1.1442	0.44326
1.1455	0.44376
1.1468	0.44426
1.1481	0.44477
1.1494	0.44527
1.1507	0.44577
1.152	0.44628
1.1533	0.44678
1.1546	0.44728
1.1559	0.44779
1.1572	0.44829
1.1585	0.4488
1.1598	0.44931
1.1611	0.44981
1.1624	0.45032
1.1637	0.45083
1.165	0.45133
1.1663	0.45184
1.1677	0.45235
1.169	0.45286
1.1703	0.45337
1.1716	0.45388
1.1729	0.45439
1.1742	0.4549
1.1756	0.45541
1.1769	0.45592
1.1782	0.45643
1.1795	0.45694
1.1808	0.45746
1.1822	0.45797
1.1835	0.45848
1.1848	0.459
1.1861	0.45951
1.1875	0.46002
1.1888	0.46054
1.1901	0.46105
1.1915	0.46157
1.1928	0.46209
1.1941	0.4626
1.1955	0.46312
1.1968	0.46364
1.1981	0.46415
1.1995	0.46467
1.2008	0.46519
1.2021	0.46571
1.2035	0.46623
1.2048	0.46675
1.2062	0.46727
1.2075	0.46779
1.2088	0.46831
1.2102	0.46883
1.2115	0.46935
1.2129	0.46987
1.2142	0.47039
1.2156	0.47092
1.2169	0.47144
1.2183	0.47196
1.2196	0.47249
1.221	0.47301
1.2223	0.47354
1.2237	0.47406
1.2251	0.47459
1.2264	0.47511
1.2278	0.47564
1.2291	0.47616
1.2305	0.47669
1.2319	0.47722
1.2332	0.47775
1.2346	0.47828
1.2359	0.4788
1.2373	0.47933
1.2387	0.47986
1.24	0.48039
1.2414	0.48092
1.2428	0.48145
1.2442	0.48198
1.2455	0.48252
1.2469	0.48305
1.2483	0.48358
1.2496	0.48411
1.251	0.48465
1.2524	0.48518
1.2538	0.48571
1.2552	0.48625
1.2565	0.48678
1.2579	0.48732
1.2593	0.48785
1.2607	0.48839
1.2621	0.48892
1.2634	0.48946
1.2648	0.49
1.2662	0.49053
1.2676	0.49107
1.269	0.49161
1.2704	0.49215
1.2718	0.49269
1.2732	0.49323
1.2746	0.49377
1.276	0.49431
1.2774	0.49485
1.2788	0.49539
1.2802	0.49593
1.2816	0.49647
1.283	0.49702
1.2844	0.49756
1.2858	0.4981
1.2872	0.49864
1.2886	0.49919
1.29	0.49973
1.2914	0.50028
1.2928	0.50082
1.2942	0.50137
1.2956	0.50191
1.297	0.50246
1.2984	0.50301
1.2998	0.50355
1.3012	0.5041
1.3027	0.50465
1.3041	0.5052
1.3055	0.50575
1.3069	0.50629
1.3083	0.50684
1.3097	0.50739
1.3112	0.50794
1.3126	0.5085
1.314	0.50905
1.3154	0.5096
1.3169	0.51015
1.3183	0.5107
1.3197	0.51125
1.3211	0.51181
1.3226	0.51236
1.324	0.51292
1.3254	0.51347
1.3269	0.51402
1.3283	0.51458
1.3297	0.51514
1.3312	0.51569
1.3326	0.51625
1.334	0.5168
1.3355	0.51736
1.3369	0.51792
1.3384	0.51848
1.3398	0.51904
1.3412	0.51959
1.3427	0.52015
1.3441	0.52071
1.3456	0.52127
1.347	0.52183
1.3485	0.52239
1.3499	0.52296
1.3514	0.52352
1.3528	0.52408
1.3543	0.52464
1.3557	0.5252
1.3572	0.52577
1.3586	0.52633
1.3601	0.5269
1.3615	0.52746
1.363	0.52802
1.3645	0.52859
1.3659	0.52916
1.3674	0.52972
1.3688	0.53029
1.3703	0.53086
1.3718	0.53142
1.3732	0.53199
1.3747	0.53256
1.3762	0.53313
1.3776	0.5337
1.3791	0.53427
1.3806	0.53484
1.382	0.53541
1.3835	0.53598
1.385	0.53655
1.3865	0.53712
1.3879	0.53769
1.3894	0.53826
1.3909	0.53884
1.3924	0.53941
1.3939	0.53998
1.3953	0.54056
1.3968	0.54113
1.3983	0.5417
1.3998	0.54228
1.4013	0.54286
1.4028	0.54343
1.4043	0.54401
1.4057	0.54458
1.4072	0.54516
1.4087	0.54574
1.4102	0.54632
1.4117	0.5469
1.4132	0.54747
1.4147	0.54805
1.4162	0.54863
1.4177	0.54921
1.4192	0.54979
1.4207	0.55037
1.4222	0.55096
1.4237	0.55154
1.4252	0.55212
1.4267	0.5527
1.4282	0.55328
1.4297	0.55387
1.4312	0.55445
1.4327	0.55504
1.4342	0.55562
1.4357	0.5562
1.4372	0.55679
1.4388	0.55738
1.4403	0.55796
1.4418	0.55855
1.4433	0.55914
1.4448	0.55972
1.4463	0.56031
1.4479	0.5609
1.4494	0.56149
1.4509	0.56208
1.4524	0.56267
1.4539	0.56326
1.4555	0.56385
1.457	0.56444
1.4585	0.56503
1.46	0.56562
1.4616	0.56621
1.4631	0.5668
1.4646	0.5674
1.4662	0.56799
1.4677	0.56858
1.4692	0.56918
1.4708	0.56977
1.4723	0.57037
1.4738	0.57096
1.4754	0.57156
1.4769	0.57215
1.4784	0.57275
1.48	0.57335
1.4815	0.57394
1.4831	0.57454
1.4846	0.57514
1.4862	0.57574
1.4877	0.57634
1.4893	0.57694
1.4908	0.57754
1.4923	0.57814
1.4939	0.57874
1.4955	0.57934
1.497	0.57994
1.4986	0.58054
1.5001	0.58114
1.5017	0.58175
1.5032	0.58235
1.5048	0.58295
1.5063	0.58356
1.5079	0.58416
1.5095	0.58477
1.511	0.58537
1.5126	0.58598
1.5142	0.58658
1.5157	0.58719
1.5173	0.5878
1.5189	0.5884
1.5204	0.58901
1.522	0.58962
1.5236	0.59023
1.5251	0.59084
1.5267	0.59144
1.5283	0.59205
1.5299	0.59266
1.5314	0.59328
1.533	0.59389
1.5346	0.5945
1.5362	0.59511
1.5377	0.59572
1.5393	0.59633
1.5409	0.59695
1.5425	0.59756
1.5441	0.59817
1.5457	0.59879
1.5472	0.5994
1.5488	0.60002
1.5504	0.60063
1.552	0.60125
1.5536	0.60187
1.5552	0.60248
1.5568	0.6031
1.5584	0.60372
1.56	0.60434
1.5616	0.60495
1.5632	0.60557
1.5648	0.60619
1.5664	0.60681
1.568	0.60743
1.5696	0.60805
1.5712	0.60867
1.5728	0.60929
1.5744	0.60992
1.576	0.61054
1.5776	0.61116
1.5792	0.61178
1.5808	0.61241
1.5824	0.61303
1.584	0.61366
1.5856	0.61428
1.5873	0.61491
1.5889	0.61553
1.5905	0.61616
1.5921	0.61678
1.5937	0.61741
1.5953	0.61804
1.597	0.61866
1.5986	0.61929
1.6002	0.61992
1.6018	0.62055
1.6035	0.62118
1.6051	0.62181
1.6067	0.62244
1.6083	0.62307
1.61	0.6237
1.6116	0.62433
1.6132	0.62496
1.6149	0.6256
1.6165	0.62623
1.6181	0.62686
1.6198	0.62749
1.6214	0.62813
1.623	0.62876
1.6247	0.6294
1.6263	0.63003
1.6279	0.63067
1.6296	0.6313
1.6312	0.63194
1.6329	0.63258
1.6345	0.63321
1.6362	0.63385
1.6378	0.63449
1.6395	0.63513
1.6411	0.63577
1.6428	0.63641
1.6444	0.63705
1.6461	0.63769
1.6477	0.63833
1.6494	0.63897
1.651	0.63961
1.6527	0.64025
1.6543	0.64089
1.656	0.64154
1.6577	0.64218
1.6593	0.64282
1.661	0.64347
1.6626	0.64411
1.6643	0.64476
1.666	0.6454
1.6676	0.64605
1.6693	0.64669
1.671	0.64734
1.6727	0.64798
1.6743	0.64863
1.676	0.64928
1.6777	0.64993
1.6793	0.65058
1.681	0.65123
1.6827	0.65187
1.6844	0.65252
1.686	0.65317
1.6877	0.65383
1.6894	0.65448
1.6911	0.65513
1.6928	0.65578
1.6945	0.65643
1.6961	0.65708
1.6978	0.65774
1.6995	0.65839
1.7012	0.65905
1.7029	0.6597
1.7046	0.66035
1.7063	0.66101
1.708	0.66167
1.7097	0.66232
1.7114	0.66298
1.713	0.66363
1.7147	0.66429
1.7164	0.66495
1.7181	0.66561
1.7198	0.66627
1.7215	0.66693
1.7232	0.66759
1.7249	0.66825
1.7267	0.66891
1.7284	0.66957
1.7301	0.67023
1.7318	0.67089
1.7335	0.67155
1.7352	0.67221
1.7369	0.67288
1.7386	0.67354
1.7403	0.6742
1.742	0.67487
1.7438	0.67553
1.7455	0.6762
1.7472	0.67686
1.7489	0.67753
1.7506	0.67819
1.7523	0.67886
1.7541	0.67953
1.7558	0.68019
1.7575	0.68086
1.7592	0.68153
1.761	0.6822
1.7627	0.68287
1.7644	0.68354
1.7662	0.68421
1.7679	0.68488
1.7696	0.68555
1.7713	0.68622
1.7731	0.68689
1.7748	0.68756
1.7766	0.68824
1.7783	0.68891
1.78	0.68958
1.7818	0.69026
1.7835	0.69093
1.7852	0.69161
1.787	0.69228
1.7887	0.69296
1.7905	0.69363
1.7922	0.69431
1.794	0.69498
1.7957	0.69566
1.7975	0.69634
1.7992	0.69702
1.801	0.6977
1.8027	0.69837
1.8045	0.69905
1.8062	0.69973
1.808	0.70041
1.8097	0.70109
1.8115	0.70178
1.8133	0.70246
1.815	0.70314
1.8168	0.70382
1.8185	0.7045
1.8203	0.70519
1.8221	0.70587
1.8238	0.70655
1.8256	0.70724
1.8274	0.70792
1.8291	0.70861
1.8309	0.70929
1.8327	0.70998
1.8345	0.71067
1.8362	0.71135
1.838	0.71204
1.8398	0.71273
1.8415	0.71342
1.8433	0.7141
1.8451	0.71479
1.8469	0.71548
1.8487	0.71617
1.8504	0.71686
1.8522	0.71755
1.854	0.71824
1.8558	0.71894
1.8576	0.71963
1.8594	0.72032
1.8612	0.72101
1.863	0.72171
1.8647	0.7224
1.8665	0.72309
1.8683	0.72379
1.8701	0.72448
1.8719	0.72518
1.8737	0.72588
1.8755	0.72657
1.8773	0.72727
1.8791	0.72796
1.8809	0.72866
1.8827	0.72936
1.8845	0.73006
1.8863	0.73076
1.8881	0.73146
1.8899	0.73216
1.8917	0.73286
1.8935	0.73356
1.8953	0.73426
1.8972	0.73496
1.899	0.73566
1.9008	0.73636
1.9026	0.73706
1.9044	0.73777
1.9062	0.73847
1.908	0.73917
1.9099	0.73988
1.9117	0.74058
1.9135	0.74129
1.9153	0.74199
1.9171	0.7427
1.919	0.74341
1.9208	0.74411
1.9226	0.74482
1.9244	0.74553
1.9263	0.74624
1.9281	0.74694
1.9299	0.74765
1.9318	0.74836
1.9336	0.74907
1.9354	0.74978
1.9373	0.75049
1.9391	0.7512
1.9409	0.75192
1.9428	0.75263
1.9446	0.75334
1.9464	0.75405
1.9483	0.75477
1.9501	0.75548
1.952	0.75619
1.9538	0.75691
1.9557	0.75762
1.9575	0.75834
1.9594	0.75905
1.9612	0.75977
1.9631	0.76049
1.9649	0.7612
1.9668	0.76192
1.9686	0.76264
1.9705	0.76336
1.9723	0.76408
1.9742	0.76479
1.976	0.76551
1.9779	0.76623
1.9797	0.76695
1.9816	0.76768
1.9835	0.7684
1.9853	0.76912
1.9872	0.76984
1.9891	0.77056
1.9909	0.77129
1.9928	0.77201
1.9947	0.77273
1.9965	0.77346
1.9984	0.77418
2.0003	0.77491
2.0021	0.77563
2.004	0.77636
2.0059	0.77708
2.0078	0.77781
2.0096	0.77854
2.0115	0.77927
2.0134	0.77999
2.0153	0.78072
2.0172	0.78145
2.0191	0.78218
2.0209	0.78291
2.0228	0.78364
2.0247	0.78437
2.0266	0.7851
2.0285	0.78583
2.0304	0.78657
2.0323	0.7873
2.0342	0.78803
2.036	0.78876
2.0379	0.7895
2.0398	0.79023
2.0417	0.79097
2.0436	0.7917
2.0455	0.79244
2.0474	0.79317
2.0493	0.79391
2.0512	0.79464
2.0531	0.79538
2.055	0.79612
2.0569	0.79686
2.0588	0.79759
2.0607	0.79833
2.0627	0.79907
2.0646	0.79981
2.0665	0.80055
2.0684	0.80129
2.0703	0.80203
2.0722	0.80277
2.0741	0.80351
2.076	0.80426
2.078	0.805
2.0799	0.80574
2.0818	0.80649
2.0837	0.80723
2.0856	0.80797
2.0876	0.80872
2.0895	0.80946
2.0914	0.81021
2.0933	0.81095
2.0953	0.8117
2.0972	0.81245
2.0991	0.81319
2.101	0.81394
2.103	0.81469
2.1049	0.81544
2.1068	0.81619
2.1088	0.81694
2.1107	0.81769
2.1126	0.81844
2.1146	0.81919
2.1165	0.81994
2.1185	0.82069
2.1204	0.82144
2.1223	0.82219
2.1243	0.82295
2.1262	0.8237
2.1282	0.82445
2.1301	0.82521
2.1321	0.82596
2.134	0.82672
2.136	0.82747
2.1379	0.82823
2.1399	0.82898
2.1418	0.82974
2.1438	0.8305
2.1457	0.83125
2.1477	0.83201
2.1496	0.83277
2.1516	0.83353
2.1536	0.83429
2.1555	0.83505
2.1575	0.83581
2.1594	0.83657
2.1614	0.83733
2.1634	0.83809
2.1653	0.83885
2.1673	0.83961
2.1693	0.84037
2.1712	0.84114
2.1732	0.8419
2.1752	0.84266
2.1772	0.84343
2.1791	0.84419
2.1811	0.84496
2.1831	0.84572
2.1851	0.84649
2.187	0.84726
2.189	0.84802
2.191	0.84879
2.193	0.84956
2.195	0.85033
2.1969	0.85109
2.1989	0.85186
2.2009	0.85263
2.2029	0.8534
2.2049	0.85417
2.2069	0.85494
2.2089	0.85571
2.2109	0.85648
2.2128	0.85726
2.2148	0.85803
2.2168	0.8588
2.2188	0.85957
2.2208	0.86035
2.2228	0.86112
2.2248	0.8619
2.2268	0.86267
2.2288	0.86345
2.2308	0.86422
2.2328	0.865
2.2348	0.86577
2.2368	0.86655
2.2388	0.86733
2.2409	0.86811
2.2429	0.86888
2.2449	0.86966
2.2469	0.87044
2.2489	0.87122
2.2509	0.872
2.2529	0.87278
2.2549	0.87356
2.257	0.87434
2.259	0.87513
2.261	0.87591
2.263	0.87669
2.265	0.87747
2.2671	0.87826
2.2691	0.87904
2.2711	0.87982
2.2731	0.88061
2.2751	0.88139
2.2772	0.88218
2.2792	0.88296
2.2812	0.88375
2.2833	0.88454
2.2853	0.88532
2.2873	0.88611
2.2894	0.8869
2.2914	0.88769
2.2934	0.88848
2.2955	0.88927
2.2975	0.89006
2.2996	0.89085
2.3016	0.89164
2.3036	0.89243
2.3057	0.89322
2.3077	0.89401
2.3098	0.8948
2.3118	0.8956
2.3139	0.89639
2.3159	0.89718
2.318	0.89798
2.32	0.89877
2.3221	0.89956
2.3241	0.90036
2.3262	0.90116
2.3282	0.90195
2.3303	0.90275
2.3323	0.90354
2.3344	0.90434
2.3364	0.90514
2.3385	0.90594
2.3406	0.90674
2.3426	0.90754
2.3447	0.90833
2.3468	0.90913
2.3488	0.90993
2.3509	0.91074
2.353	0.91154
2.355	0.91234
2.3571	0.91314
2.3592	0.91394
2.3612	0.91475
2.3633	0.91555
2.3654	0.91635
2.3675	0.91716
2.3695	0.91796
2.3716	0.91877
2.3737	0.91957
2.3758	0.92038
2.3779	0.92118
2.3799	0.92199
2.382	0.9228
2.3841	0.9236
2.3862	0.92441
2.3883	0.92522
2.3904	0.92603
2.3925	0.92684
2.3945	0.92765
2.3966	0.92846
2.3987	0.92927
2.4008	0.93008
2.4029	0.93089
2.405	0.9317
2.4071	0.93251
2.4092	0.93333
2.4113	0.93414
2.4134	0.93495
2.4155	0.93577
2.4176	0.93658
2.4197	0.9374
2.4218	0.93821
2.4239	0.93903
2.426	0.93984
2.4281	0.94066
2.4302	0.94147
2.4323	0.94229
2.4345	0.94311
2.4366	0.94393
2.4387	0.94475
2.4408	0.94557
2.4429	0.94638
2.445	0.9472
2.4471	0.94802
2.4493	0.94884
2.4514	0.95
2.4535	0.95
2.4556	0.95
2.4577	0.95
2.4599	0.95
2.462	0.95
2.4641	0.95
2.4662	0.95
2.4684	0.95
2.4705	0.95
2.4726	0.95
2.4748	0.95
2.4769	0.95
2.479	0.95
2.4812	0.95
2.4833	0.95
2.4854	0.95
2.4876	0.95
2.4897	0.95
2.4919	0.95
2.494	0.95
2.4961	0.95
2.4983	0.95
2.5004	0.95
2.5026	0.95
2.5047	0.95
2.5069	0.95
2.509	0.95
2.5112	0.95
2.5133	0.95
2.5155	0.95
2.5176	0.95
2.5198	0.95
2.5219	0.95
2.5241	0.95
2.5262	0.95
2.5284	0.95
2.5306	0.95
2.5327	0.95
2.5349	0.95
2.537	0.95
2.5392	0.95
2.5414	0.95
2.5435	0.95
2.5457	0.95
2.5479	0.95
2.55	0.95
2.5522	0.95
2.5544	0.95
2.5566	0.95
2.5587	0.95
2.5609	0.95
2.5631	0.95
2.5653	0.95
2.5674	0.95
2.5696	0.95
2.5718	0.95
2.574	0.95
2.5762	0.95
2.5783	0.95
2.5805	0.95
2.5827	0.95
2.5849	0.95
2.5871	0.95
2.5893	0.95
2.5915	0.95
2.5937	0.95
2.5959	0.95
2.598	0.95
2.6002	0.95
2.6024	0.95
2.6046	0.95
2.6068	0.95
2.609	0.95
2.6112	0.95
2.6134	0.95
2.6156	0.95
2.6178	0.95
2.62	0.95
2.6222	0.95
2.6244	0.95
2.6267	0.95
2.6289	0.95
2.6311	0.95
2.6333	0.95
2.6355	0.95
2.6377	0.95
2.6399	0.95
2.6421	0.95
2.6444	0.95
2.6466	0.95
2.6488	0.95
2.651	0.95
2.6532	0.95
2.6554	0.95
2.6577	0.95
2.6599	0.95
2.6621	0.95
2.6643	0.95
2.6666	0.95
2.6688	0.95
2.671	0.95
2.6733	0.95
2.6755	0.95
2.6777	0.95
2.68	0.95
2.6822	0.95
2.6844	0.95
2.6867	0.95
2.6889	0.95
2.6911	0.95
2.6934	0.95
2.6956	0.95
2.6979	0.95
2.7001	0.95
2.7023	0.95
2.7046	0.95
2.7068	0.95
2.7091	0.95
2.7113	0.95
2.7136	0.95
2.7158	0.95
2.7181	0.95
2.7203	0.95
2.7226	0.95
2.7248	0.95
2.7271	0.95
2.7294	0.95
2.7316	0.95
2.7339	0.95
2.7361	0.95
2.7384	0.95
2.7407	0.95
2.7429	0.95
2.7452	0.95
2.7475	0.95
2.7497	0.95
2.752	0.95
2.7543	0.95
2.7565	0.95
2.7588	0.95
2.7611	0.95
2.7633	0.95
2.7656	0.95
2.7679	0.95
2.7702	0.95
2.7724	0.95
2.7747	0.95
2.777	0.95
2.7793	0.95
2.7816	0.95
2.7839	0.95
2.7861	0.95
2.7884	0.95
2.7907	0.95
2.793	0.95
2.7953	0.95
2.7976	0.95
2.7999	0.95
2.8022	0.95
2.8044	0.95
2.8067	0.95
2.809	0.95
2.8113	0.95
2.8136	0.95
2.8159	0.95
2.8182	0.95
2.8205	0.95
2.8228	0.95
2.8251	0.95
2.8274	0.95
2.8297	0.95
2.832	0.95
2.8343	0.95
2.8367	0.95
2.839	0.95
2.8413	0.95
2.8436	0.95
2.8459	0.95
2.8482	0.95
2.8505	0.95
2.8528	0.95
2.8551	0.95
2.8575	0.95
2.8598	0.95
2.8621	0.95
2.8644	0.95
2.8667	0.95
2.8691	0.95
2.8714	0.95
2.8737	0.95
2.876	0.95
2.8784	0.95
2.8807	0.95
2.883	0.95
2.8854	0.95
2.8877	0.95
2.89	0.95
2.8924	0.95
2.8947	0.95
2.897	0.95
2.8994	0.95
2.9017	0.95
2.904	0.95
2.9064	0.95
2.9087	0.95
2.9111	0.95
2.9134	0.95
2.9157	0.95
2.9181	0.95
2.9204	0.95
2.9228	0.95
2.9251	0.95
2.9275	0.95
2.9298	0.95
2.9322	0.95
2.9345	0.95
2.9369	0.95
2.9392	0.95
2.9416	0.95
2.9439	0.95
2.9463	0.95
2.9487	0.95
2.951	0.95
2.9534	0.95
2.9557	0.95
2.9581	0.95
2.9605	0.95
2.9628	0.95
2.9652	0.95
2.9676	0.95
2.9699	0.95
2.9723	0.95
2.9747	0.95
2.977	0.95
2.9794	0.95
2.9818	0.95
2.9842	0.95
2.9865	0.95
2.9889	0.95
2.9913	0.95
2.9937	0.95
2.9961	0.95
2.9984	0.95
3.0008	0.95
3.0032	0.95
3.0056	0.95
3.008	0.95
3.0104	0.95
3.0127	0.95
3.0151	0.95
3.0175	0.95
3.0199	0.95
3.0223	0.95
3.0247	0.95
3.0271	0.95
3.0295	0.95
3.0319	0.95
3.0343	0.95
3.0367	0.95
3.0391	0.95
3.0415	0.95
3.0439	0.95
3.0463	0.95
3.0487	0.95
3.0511	0.95
3.0535	0.95
3.0559	0.95
3.0583	0.95
3.0607	0.95
3.0631	0.95
3.0655	0.95
3.0679	0.95
3.0704	0.95
3.0728	0.95
3.0752	0.95
3.0776	0.95
3.08	0.95
3.0824	0.95
3.0849	0.95
3.0873	0.95
3.0897	0.95
3.0921	0.95
3.0945	0.95
3.097	0.95
3.0994	0.95
3.1018	0.95
3.1042	0.95
3.1067	0.95
3.1091	0.95
3.1115	0.95
3.114	0.95
3.1164	0.95
3.1188	0.95
3.1213	0.95
3.1237	0.95
3.1261	0.95
3.1286	0.95
3.131	0.95
3.1335	0.95
3.1359	0.95
3.1383	0.95
3.1408	0.95
3.1432	0.95
3.1457	0.95
3.1481	0.95
3.1506	0.95
3.153	0.95
3.1555	0.95
3.1579	0.95
3.1604	0.95
3.1628	0.95
3.1653	0.95
3.1677	0.95
3.1702	0.95
3.1726	0.95
3.1751	0.95
3.1775	0.95
3.18	0.95
3.1825	0.95
3.1849	0.95
3.1874	0.95
3.1899	0.95
3.1923	0.95
3.1948	0.95
3.1973	0.95
3.1997	0.95
3.2022	0.95
3.2047	0.95
3.2071	0.95
3.2096	0.95
3.2121	0.95
3.2145	0.95
3.217	0.95
3.2195	0.95
3.222	0.95
3.2245	0.95
3.2269	0.95
3.2294	0.95
3.2319	0.95
3.2344	0.95
3.2369	0.95
3.2393	0.95
3.2418	0.95
3.2443	0.95
3.2468	0.95
3.2493	0.95
3.2518	0.95
3.2543	0.95
3.2568	0.95
3.2593	0.95
3.2618	0.95
3.2643	0.95
3.2667	0.95
3.2692	0.95
3.2717	0.95
3.2742	0.95
3.2767	0.95
3.2792	0.95
3.2817	0.95
3.2842	0.95
3.2868	0.95
3.2893	0.95
3.2918	0.95
3.2943	0.95
3.2968	0.95
3.2993	0.95
3.3018	0.95
3.3043	0.95
3.3068	0.95
3.3093	0.95
3.3119	0.95
3.3144	0.95
3.3169	0.95
3.3194	0.95
3.3219	0.95
3.3244	0.95
3.327	0.95
3.3295	0.95
3.332	0.95
3.3345	0.95
3.3371	0.95
3.3396	0.95
3.3421	0.95
3.3446	0.95
3.3472	0.95
3.3497	0.95
3.3522	0.95
3.3548	0.95
3.3573	0.95
3.3598	0.95
3.3624	0.95
3.3649	0.95
3.3674	0.95
3.37	0.95
3.3725	0.95
3.375	0.95
3.3776	0.95
3.3801	0.95
3.3827	0.95
3.3852	0.95
3.3878	0.95
3.3903	0.95
3.3929	0.95
3.3954	0.95
3.398	0.95
3.4005	0.95
3.4031	0.95
3.4056	0.95
3.4082	0.95
3.4107	0.95
3.4133	0.95
3.4158	0.95
3.4184	0.95
3.4209	0.95
3.4235	0.95
3.4261	0.95
3.4286	0.95
3.4312	0.95
3.4338	0.95
3.4363	0.95
3.4389	0.95
3.4415	0.95
3.444	0.95
3.4466	0.95
3.4492	0.95
3.4517	0.95
3.4543	0.95
3.4569	0.95
3.4594	0.95
3.462	0.95
3.4646	0.95
3.4672	0.95
3.4698	0.95
3.4723	0.95
3.4749	0.95
3.4775	0.95
3.4801	0.95
3.4827	0.95
3.4852	0.95
3.4878	0.95
3.4904	0.95
3.493	0.95
3.4956	0.95
3.4982	0.95
3.5008	0.95
3.5034	0.95
3.5059	0.95
3.5085	0.95
3.5111	0.95
3.5137	0.95
3.5163	0.95
3.5189	0.95
3.5215	0.95
3.5241	0.95
3.5267	0.95
3.5293	0.95
3.5319	0.95
3.5345	0.95
3.5371	0.95
3.5397	0.95
3.5423	0.95
3.5449	0.95
3.5476	0.95
